~~~~~ Start of results:
1636.5169647493713
69.22088064256889
112.51916836575151
25.467784907930444
23.49399823230318
47.133653500630146
3.6761096106121207
79.70712977365967
33.383571036366966
27.295454185801326
5.432524298616761
9.566367841286448
10.259427278280338
5.793642967657638
-11.213105999708521
10.562452893418179
-6.024195762784011
-10.912194988789938
11.971121304455611
18.964381880333928
9.461868066682449
-6.335148287323113
-9.320932032422444
-7.133213366934384
5.695167447112265
-8.512583167804777
-7.625800149419363
6.0162129655813805
-6.138294956396685
3.339777362626417
10.011879003527733
-4.606889484190263
-9.480991907422734
-8.358653022816807
-8.117635135196739
6.516852339045322
2.906745521957949
-8.113772730576168
2.596926498806546
0.13591443395145308
10.953933740616574
12.387878319193621
1.092171363857414
-4.352706892214311
-4.334880903304815
2.76674024376924
-7.703030554191234
1.2877811517103135
-3.148409248837603
-7.938822562680051
4.794776435117316
-5.774629805090816
13.629731869553826
0.460787171300419
5.2274416859633295
0.8832036401319732
15.454298423516299
0.12601323072396564
-6.953683403054028
13.124850769317042
-1.074519185849268
48.96145903361052
-7.2398588956357095
1.6963771370525977
11.495761271114112
-8.966406947940708
22.64902390016694
-9.553521600728795
9.14313371394304
-7.279717472288865
9.933041382364916
-7.618880217366919
19.17491863957286
-2.5116109412190246
0.46327923491455447
23.700142258310365
-1.8089780111798506
-0.3080543650203662
-12.35808122731664
-6.080169823798164
-11.906361457538392
14.850128938616589
10.52581089113588
14.551129637998296
1.307771004661606
9.33636315662783
10.989861539345934
23.702645466451504
4.718424211820949
-1.5895696939891195
11.212690905573357
20.63851864101678
-9.936554528881809
4.406375841020512
-6.242838899483429
16.62218269325621
-8.552998942115524
-8.446746181582604
-10.597738511824232
-7.568049944890648
7.005062238978669
8.507121874724128
9.079112465902199
24.66216902784387
-6.84429906098112
-3.5085891232903355
-3.0214803687851624
17.627382611126436
4.682174364280733
-8.554684700924245
6.885885330477399
-4.260345549887498
9.408101746005727
15.811883916952183
4.562086129317935
10.098432455965682
11.115063646027146
-5.668922534969731
3.7909430043644265
-9.10362430531013
-12.175470215586516
-1.6897953494056805
-3.8768418348905183
54.82447421910468
-6.807894688301519
-8.164074000687886
-8.71418504949366
-7.55202009749207
8.207480577255657
14.205810458687516
-2.442067176324636
-1.4248737818114137
6.62209441961359
11.393286627199348
8.335474136191669
10.768154653925983
5.786773235039031
-7.861558555977037
-7.77300803187233
9.118406315433505
11.149879743999527
6.759049083113241
9.404502364899484
-0.19690661598832504
0.4687503152757069
1.5330605059193685
9.010253772062054
-8.621815087415598
3.467853284425324
10.16447549468232
9.747128937299838
-9.552308087282572
12.971374470210373
3.9584465095362438
-4.595038375059085
-9.441710904405639
-10.398638659134038
-9.932620641981275
6.426435520363385
-10.2466460835063
9.1399936025314
-10.093600466828418
-8.803808126311743
27.803242591073246
-8.128322806910433
36.80787397211678
10.838111178587031
-8.557738989243788
8.519444300233271
16.774212264765318
1.6772475371325202
9.984028393680012
2.834694066614597
15.377703810856609
9.785843949687933
11.8910826641269
-0.4262453387140823
14.162173090448071
9.773431773813508
-4.832879665492053
-1.3518998857300932
15.5443051827603
9.279922312770621
39.299725849165654
-6.641182897679411
5.121186459361785
-11.956797058763843
15.823902278728843
-6.568888774072642
-7.413829099757286
-5.9969883176208825
17.197767832820883
-6.074159385747752
23.14432421488044
7.383567630400842
-8.241779298653466
23.246634721725318
24.759028298383715
11.391535287891394
-8.477632566347086
-8.67875757092702
25.081782115977006
7.519642461657108
20.496039661513283
16.745093966020423
12.757355134929647
-10.325317130543826
-8.887955409085865
7.762924546763564
-0.8819676699605634
24.686031548675288
-0.27818432155459316
10.383976052049983
15.911929156288505
-6.76757139854981
-8.217283069550232
-10.656449815024494
-8.88620898635885
-8.89413602554521
31.714882695519822
0.7286055451083726
9.881663612141999
12.201243877641183
-10.108593884551144
-11.5811057558898
18.36118792637695
2.72235484807606
8.086203707523488
-2.988872168182517
16.82802875235789
-8.624367556963254
17.55449276231788
12.434439723645408
9.42941554595264
-0.20620432505645514
-6.140769295331765
-4.111358757501916
-6.0081610583629255
0.0874517184080239
13.310684623688847
7.000002621078398
-7.1807433608645965
15.436901708888549
17.69707765104991
-6.926541965629851
9.750308863703673
10.019459904047164
23.609511497953736
13.54823466627624
8.36903290547477
8.555734736392637
24.91005663468722
10.888197542903805
11.12900580882168
-5.653556365526297
-7.25237146388731
13.027328256215073
5.340568334863432
-10.897700851599492
53.264400727565025
1.6587206092400368
-10.356797340292854
-0.5510214276822323
7.935318102639896
-9.934479059041946
9.22502415818626
11.440755291713524
-1.8903536998535238
7.200388372035424
10.663279990067169
4.474520201622821
3.9921072892272216
11.594589441170466
-7.360169133132712
4.555992529312303
17.578523534116506
3.6173736997588772
1.712406235090691
11.777273848586544
2.4040784305878775
2.18936179265378
-9.949767559875466
10.334244745735841
10.586714397074845
6.52729199768212
16.590138332222118
-0.1566671296612876
1.5545215657641345
2.919326635261829
21.80045078687288
-10.267213337908123
-4.695893798523062
-7.453674017899703
5.236232857145669
4.7134065609333575
19.814153917532575
11.76520452702426
-8.291988914966014
-2.0312992620570203
54.16707613212515
-6.805845267200066
22.83214729083275
11.791972623650173
7.426328684373608
8.743566898366923
4.146696912566607
9.831372414298622
16.420490339175863
9.247724266816105
6.3221148944420635
1.3415935795420086
4.962881377474743
9.910581266269844
15.601723223155433
5.9707871153227865
10.516495376685357
4.192864906269331
8.96646088147973
-8.698016415111473
13.041608813714053
2.069197538493837
16.29742432022693
0.8642960039645811
30.306138778251665
11.73945302504645
28.19044949077528
7.7751369000325665
15.659690639116985
10.877866381978906
19.333310771508216
17.15095981166018
19.582908694629545
-8.520524432215117
6.622052563879101
6.824736880218514
5.320143203222129
-3.915384992923829
-8.820247081444043
-4.505273686979201
10.298185227438694
6.710727160288043
10.17866654538184
9.662527555227543
-7.308512387600429
0.7871527841797756
-8.448350370523677
15.487736017377616
22.322939375762825
13.861556178007218
19.01279949664452
5.092485248587877
8.881821563280084
4.849215392246947
14.063913702068984
-6.346034647525805
10.15875110913454
1.4622892845157667
-8.833177099894733
6.322287579345048
16.02616501783184
-1.2026190095694846
-4.118317520207136
3.7544473173284674
25.537457321256284
9.808223447417843
-8.421361591935078
9.068732970414754
28.743884108505107
9.766425456936904
33.866628978256244
10.082825533735246
31.63640524257584
-0.031226323618994023
6.342415668321115
5.612075520824921
-0.5996044293406939
4.021958953188559
32.48534711831926
5.606152637119148
10.50054782860126
7.825741671387586
8.97553477320336
4.748776733321858
-8.73251909113875
18.246080478273363
22.97039506408294
9.232306304148377
21.41009610646697
5.9076532154771675
-7.774030361427807
13.074031320664922
22.869341862462605
8.133726049555985
11.338280928094045
15.129082295768184
53.99999154828872
5.631537286715656
20.654411764281967
4.050661972476544
33.71963597612498
11.145813321668514
9.133263081894302
4.774415755803558
12.096082844421808
2.2390291471104
11.568177475818489
10.277188863335027
25.803832160633434
-5.066999972316758
4.162163211270558
7.8743256601777665
5.070746964641882
6.578393577844702
26.370436344714967
-3.1904731214426647
-8.335723282558133
-4.949426668655248
26.06311730847624
-6.206165722889131
27.3045394926281
8.245439500750155
54.49754057891987
4.184657770815094
20.484036220219807
6.963777326739184
10.14247292685608
13.263101760041938
83.01410679575503
10.55735013881517
20.91650998505296
7.667226145612856
6.256482593879641
0.485671334156184
12.305570322651928
5.397897372468716
31.95763765688244
1.5017605913975047
16.82678671080653
6.367300765493068
23.68204770616107
-0.9025286530256187
14.607715614862993
6.825035384298125
13.069944941444659
-4.3436792765087935
16.45938613800434
-6.476952249169957
19.856247674897634
-10.432427554826374
25.978519873362746
-5.301917050057842
20.577628355759966
10.973060982703537
7.705473598275908
7.411497748243801
40.66888980533036
8.160497781836492
-7.494767335836202
18.52333199289833
6.035105388789702
19.843175798997013
17.475740991294202
0.3917329816099451
49.6301594184994
-1.0636858654711845
12.271099181720132
14.611782130663316
25.90649896499216
11.49947540512383
31.575135431059117
7.13715374814357
9.212865495245069
19.012531294365875
12.140863445818077
8.411460321759876
7.395369911033849
7.758594340171046
119.2693224263156
8.574894842870163
31.7587604148007
-4.471388403832711
67.45684329276331
-0.6742556896452836
16.84916215620586
17.887892957172692
49.3609332193661
18.372517195447955
8.301040647479565
2.826487698729708
14.309081429537304
22.32401177581923
42.636065401354
25.53846227603408
6.346369984415148
7.594243280263923
1.2522794910270196
10.626847371194112
11.000887876454042
0.7563068780878046
46.977377642357666
10.052020941988705
11.802853089903365
0.8794598767970445
63.01404632286099
8.51980141776166
-4.649486238409297
16.42433599786849
12.964507384213505
12.282261265778917
23.55028945083853
-9.824307281171441
23.218292982561085
7.6873083976379455
0.608193082081768
0.018810100413431563
17.472352764870422
-0.9523735583820612
4.958890383336646
11.446905786079844
-7.325886859320981
15.1049488177424
53.65481965067904
10.52180782442428
18.478365443750288
0.412034795873379
23.535919142588014
-1.658454392667701
42.37788474977415
14.304112550790757
14.488165135882248
-6.303293542458565
23.953032201749743
10.80054271586963
21.286330494046336
12.349847209467645
22.867536924118973
19.256680739033186
18.810132094782848
13.794686866359891
14.175723062692862
15.214294108785719
40.77658442920133
11.745062842915683
-10.689173311130274
19.107946779213645
30.185172175534277
21.73513852237631
28.463432637271094
6.388423494818536
27.027421267354676
-8.3372122791666
17.89104863507196
0.8494005598799603
21.64627610797465
37.251477057320486
4.902663007644766
12.801525576537628
41.359684464594466
14.23053971499289
17.400832691162822
21.601446905254964
12.616583514447932
19.642452523959115
57.388319839465915
14.170765850278988
24.435553031397454
8.214510608587643
5.2412172599341496
-5.287451414621117
11.880716157022427
10.099819723588995
22.86932280894951
19.146456020406156
31.329482559116016
18.784280135377493
58.11720921411205
11.243346628803103
21.301772881493104
7.5101440733562725
57.48867651306417
8.008454169621915
16.83246472081838
7.154528171806978
2.4932365213536833
-6.540840689142994
20.51208554778253
10.924058367495737
8.711713826040649
11.120460999803768
31.78046471505705
9.470693226810164
7.4152056207916965
10.338470857653771
50.970192389690645
8.800942291248756
33.004430772164824
13.931512227751174
77.96807706820012
15.170065412160065
58.31538840505937
10.390785947850663
71.07427822025569
20.105864769480952
2.3345938207414783
10.905391434374447
19.633993271480715
31.35732456001246
89.85926544284318
39.31027173568735
80.45878756375663
10.9317187345965
14.011023415371998
9.693620969834859
2.431006923529213
24.58609567979038
9.704619389078896
7.85018815985615
-0.9547266276698423
21.27904731786944
70.71525636142295
-1.8231910767252253
27.452424266138678
14.026829166284573
34.61634536148588
13.186020132664963
36.459090019585155
8.186763987834661
32.2182852607379
6.222131510193552
33.312639241335255
5.3308955925319825
10.937440071567124
20.90322142133394
15.040416011356935
-3.5940437122259583
54.10382469183793
28.04491132018768
15.506276960037003
16.204464207893768
132.83986916793816
27.968672278497525
39.80894489246789
-4.384505467826296
30.29605247122245
34.501852691963435
33.70951328368643
10.102452015331918
19.592706823852165
13.361900055376612
50.386824044190355
5.103782416826828
15.03030148094881
5.086946996881473
45.596952202794114
30.806286268924953
76.36296998467783
6.016485699449867
63.263675041720504
6.059441045705162
12.575245525465808
10.899132760428973
63.943064092569934
15.60449487540946
107.00879003212546
4.317715587789623
37.32581234475382
17.95085180897124
24.699821858460993
20.140146097495695
11.840304850761658
34.37837601436008
25.237106136645355
10.661042162737369
18.125708001920014
14.925121099147644
101.76834845259648
6.228147320985302
95.6993439057277
-1.6157885893054442
7.903548724411836
8.48018697897481
302.18644857138463
13.809347898514595
20.78406296094631
33.938458781999074
119.82877402806312
8.854043653847581
108.03439538658316
1.5280180199394682
66.76915971345284
17.385414147242145
43.68750288741199
13.598527381600913
54.4899028960287
8.794424602508665
9.790458826432358
17.625689833371204
24.882743109971038
15.463525460051619
56.38517112236744
23.329808320828718
174.9137393876342
7.754607073365893
13.096250149684945
9.139534009373003
16.305537444853087
25.364614586297037
61.06544480822784
7.688688938378701
66.35050258352125
24.29506509946046
60.061950531460866
17.23373457986993
34.77160854494741
13.969620936476868
26.665464234493594
12.632281573146713
80.67271434605541
26.199952995384766
150.85855864209762
12.66496764455115
54.58368540720843
62.26602855691551
130.07254499315204
25.54979419928957
294.07662355089343
27.503811329438847
78.66235768567394
8.012664285511455
213.47951991505232
16.299263538948136
63.39858049919851
8.819288202309815
52.37449332738429
-1.8170842738247464
14.488018568935498
14.021090801931575
195.21326547919995
12.59584840836575
157.85619899522712
26.10882250914472
86.68138423574725
14.031796492266444
308.7466917340311
24.2231940095321
157.69490203048358
8.02148480249775
71.24810093578579
23.00834288930974
61.31832086792228
16.811057690999238
54.32179369073624
33.11604014176853
98.80456954126966
7.668313118832955
73.12946714596154
25.25207008841535
175.29042542857772
58.891454057525
46.10473896826562
20.8520135562298
29.666034953288253
20.410612311753503
87.65818223423562
12.198955846529119
443.12078075549226
16.810249368102905
172.04305827855546
23.32222926594123
429.82978569162594
21.137785147742374
191.44948734103343
40.95441982751369
210.84656385085603
1.6356721175796611
276.28193722629027
12.494229749540803
191.1206947550846
11.983050367402143
283.5601382524931
65.67876112135178
250.76118633256766
3.18438761012538
87.05254106838309
6.406618444436493
224.1229988867664
15.214224165231675
99.9512644512315
7.746116760199079
57.175103389563404
12.143618498598416
128.19605666947785
26.652353343082137
441.1840778739302
23.69326424902903
55.81550153106022
19.433269308756937
218.76657747119123
38.58683366660229
28.42846415886184
24.106075125547218
42.31632765452253
26.861408516742188
71.36783681609182
5.769907779731165
94.10188005970528
7.266557089504475
220.79440467032546
22.722723231982442
169.99922418775068
26.099759612285144
172.02636343620946
50.02919551231486
186.90134949003033
2.7722108739763116
99.42224546218296
39.172900969430586
139.41540205496887
20.895036367596223
133.86832480665637
39.85759878896212
85.9160409017221
12.288658693805601
52.025544922698714
9.461768148829625
247.7709568184414
45.964857814172575
64.33582979277955
21.613873789630443
133.40529936156008
7.676285021891716
217.82580525914392
26.48883013927303
341.12725796353425
32.95244360264417
137.53676577433785
19.57560927950461
143.17143645901268
7.363855240810849
442.2657942111126
35.48755891010472
157.49635131519543
18.782183156048482
420.7895753125498
106.19015074932811
277.8916696355858
9.427204647412465
390.4982163420318
20.706768446806176
440.20049957612986
19.90653979310087
360.8908218464654
11.6999954174663
380.4312318407488
23.346688610358438
19.761441771917436
15.092673407414008
169.45969221929298
49.978161472656325
52.33931735181789
28.988547214562743
435.9271514280458
15.018721242557575
362.55887791579016
15.252345116844417
84.74343703026895
19.956160976357264
249.1343578140657
21.90554912774262
445.8999302109787
15.327627505005228
132.5852609200027
34.0669961525366
451.0528989590733
5.671673360582231
153.9521433192362
44.68331706087807
448.3892299537046
11.947632642428244
442.2316585125749
27.263236108284538
268.54712992081056
24.408018520647953
443.54610507543106
18.9700360515831
203.77126565396946
40.46779023545808
450.33284300015345
12.601073262812431
451.7798408541592
39.184465465756084
81.59199990143624
14.844017500436454
152.54628414541187
13.392389538746226
214.75414739443175
32.08435746330784
169.31063411921923
16.17878464044828
72.88820837563327
11.99003617766067
459.25263212053045
73.27181255335493
450.7073811065755
57.814695093903254
462.4170720696257
21.904558131750882
335.09126673177394
164.43867346237332
82.69153253816663
12.695196455350583
318.16851299800715
31.30909206277691
246.42997745442625
5.943114448806463
463.27539786902554
18.058409796233526
457.54402153676403
18.32192766926836
454.5702016908896
-0.9233578881266169
455.0958586787347
40.410867377441754
456.3570611996373
87.41325835787354
163.5060411580479
113.61410729946775
436.5169090395148
24.88290005023864
452.2957968894636
75.58210248647417
452.2247151986027
18.436299694230737
451.592070744761
30.919508659331996
252.1125965141324
69.36163284442293
457.57217444649797
20.778003078778895
460.34147997412447
9.787909047921689
452.397028161604
41.15492282865628
458.02191920161835
43.0134343221616
87.9044597409217
28.25320268615987
87.55533154921605
30.481079658149557
457.8734608192958
19.495290815790995
450.5518580374692
35.541241973205324
446.60496945754966
10.052269879537779
441.9500608238249
2.107659180947998
455.1204897079258
3.4699547246511244
172.40262787300043
23.644485022228327
125.55170329917605
13.019452394266352
458.5839787359524
9.140075750220582
448.7328216162682
13.261551981778524
145.27487824032386
1.703554577979559
153.26333569735738
20.412725345603405
457.1535192644673
1.3201754331392088
335.47276485786034
19.11626803261203
455.5160707292071
59.35768728595696
358.27633425886864
6.79488846662923
38.71710368519239
9.106028126059995
224.53253852528093
11.263347665668354
379.91950598338303
63.08753045526626
462.56457277589936
38.520329733616165
467.1811635801121
51.14900766848401
463.62865173634714
27.386587374611047
472.7721259134438
17.006729716845797
464.1517691500105
36.95853323107485
465.4338720417215
87.58311723409088
457.9969692164974
41.88714832448426
213.95391948417458
4.7994144329594945
6.866334920693722
23.108726031606484
469.6981019988646
39.27554918172229
471.1954008354193
64.7606984583668
474.0760679099495
68.88413026775464
469.4466120939776
42.65709974856509
468.90720138466776
37.82752053567962
188.7434699470357
-2.7255574216322174
16.1450287213981
-13.274830519989473
17.46250872549671
2.608113057975957
7.26978697221516
4.999455956747495
7.572452106123675
3.9369473353269684
10.45112548755232
-11.022148332658485
16.851805959540005
9.191046162312096
1.756334023593407
0.16596657130060644
13.256228369917473
6.3850174541546165
-8.331217000998318
-16.663570558947555
-6.053421481045711
-12.440807943258152
13.519416295406238
-14.472606707742516
18.827898634602764
-11.643826381295616
7.026097553042057
-7.780030851401346
9.880834430697842
-8.355562274210056
3.7982917020065723
-10.495031593854371
425.13906298592053
20.08667552140589
461.9791866860327
70.67310489505729
463.0039779032856
225.9311001451437
474.04731287111974
65.77529711035199
408.80616919583065
185.19440331691226
469.55116661502717
102.75897929240281
474.9230927734694
96.1371552457603
475.45520245631326
128.393809145188
474.47207374142647
317.2487899382274
474.88023424260865
59.4501884797067
476.6015109700027
100.41256633913368
480.65003811853165
181.87796774593778
478.66750208170225
69.18816891682775
475.8809429487315
105.81348166220731
471.6611289404996
42.989299505819176
478.9986197036797
203.571826086178
478.6271026129295
51.068110123704194
478.5076088040149
115.2104336568239
478.51168111825575
165.03190245360668
486.4470336349865
91.68352347351768
473.9923389699105
291.46731905449974
478.1531460066825
84.79051957712657
486.3683724848865
154.37069813868018
480.0358383450887
115.95001418042364
474.53407991922705
57.38591921397179
482.8222762892276
103.95801756506452
483.85673981931717
62.82381331871146
481.0842739980054
89.03156584009844
482.3572359148607
163.9942818936583
469.57012920534385
92.11403522775291
479.2000773666336
56.44796891063067
480.57572496555406
108.40388954101432
479.30548701256805
90.24050724030789
477.4103211742302
138.56298853140925
475.13942171655435
160.32209175138158
476.68656028528153
135.8601617227885
484.27549328989767
113.93089192200726
474.77429751133747
34.296398500667024
475.1300132286505
85.99939403664742
467.4897224788523
143.17198427792104
468.3207056833326
48.26327689800714
471.3076023022187
115.49560922860898
472.17721448762603
152.36466869023243
476.9813678551593
69.11403232651195
478.47610702726166
109.83522124202517
378.1148065196726
77.55070727997193
484.25605724117423
86.29207869518953
476.02025561691545
99.54645839159924
482.20181145167004
84.53352190930238
481.6379552078999
73.0103769048617
476.1455602353058
43.97075821080507
471.6643965339589
119.78122183257254
483.7669266424771
60.94731500069377
479.23165340306423
98.03474036999553
478.21529161866647
57.48570491584991
476.6451744002189
47.03913127903456
479.83318875838114
71.78211202452185
467.2328052920417
76.29631939059269
476.09667271544066
48.45106219407831
470.6720108443887
115.76034603716649
465.53677821167423
55.53173902441579
476.17544782451654
112.52839974164996
253.96442779099183
97.90900456707472
469.58144150068745
54.77155351742592
163.08803278969853
54.65430787262055
482.18145090217854
57.16478239798844
473.407497408305
53.835484835300214
478.0015919618316
128.19182627732332
470.06163319189744
66.62697977882621
469.83533889519947
146.6360080126678
473.84590441723293
265.2281412217657
479.4236895055572
93.50077308297895
478.5349582344046
138.88959330286696
472.8486200504952
109.67029203239245
470.4799213050229
126.49446214076161
445.8483174488924
133.8996993463219
474.65127966927264
78.77456112044464
473.06325882571474
72.21796822084495
468.2121795288772
46.300616954403594
461.70666117485194
79.46563495312162
459.2618531868359
41.744283882719486
473.6036019789232
143.39639690363566
471.57401935685596
57.463745649306254
455.94081753701755
48.491737744552346
473.1681980726131
52.68216518705845
460.210289488919
143.3618020213149
467.80474222248165
83.66413574353827
463.12939986040965
125.98229199011853
475.1472150984226
66.58229910251532
470.2920628422615
152.94288346394785
471.88882722459186
135.28456481683259
478.386903324239
51.70014427217858
412.6260298169732
120.49890484635083
471.0687107928022
73.91270301429111
477.7746852079842
38.05526095683932
466.1510079380258
71.76046359329017
463.04630381283755
68.59130741474645
457.76528448306266
108.52616428734211
453.7244214208519
73.83109046286805
457.46153997922187
265.1026772189704
468.9492370212774
128.77610192851236
477.57287223210574
39.72599687694822
469.66010957065794
96.83737377774239
475.4596156782169
79.51948120951978
471.93791969503627
170.54178825207444
460.4691677708445
284.0891943175088
471.0119892605647
149.4069365015628
475.6912354640744
137.30126020409406
465.4111482193424
77.27783023240518
476.6406339320316
121.6449866831781
480.3708592519286
78.19861624402414
477.5969724636056
109.80995772912678
474.9713815599671
69.09494889327928
467.92991488085596
70.57179457434178
478.5757564836058
204.55572485175165
481.8519055470286
291.7763766778609
461.00840985764194
202.96138030834697
485.49460867118955
168.1624940805832
482.3143445911441
204.34210034327444
476.36800805660783
117.91189839226652
469.36866365729065
95.65027889390267
480.3156127635407
94.3710101418789
482.2258817491897
113.14594460226567
482.4496849786666
232.62262035546578
482.4945769355504
219.48774047646478
482.0942067882464
131.31703652309213
477.0177419663766
247.69767750608418
474.8082947126611
46.542364567525645
473.2523557209965
65.80125725113999
482.5655518045419
66.61057526713616
455.79517082329
117.00943346912948
470.0598343482363
185.91968747600467
470.12333433583217
126.08092749420514
386.5266861401291
110.08651448723224
477.7684980139822
187.20535423450923
478.0182782486673
86.99548499694251
477.22696751348747
58.640891392759876
473.3238980982881
97.70928483782627
372.6096148999976
158.43746362738824
484.55059379995527
31.600886254041914
480.18899446382875
190.89893813520038
459.7873487986058
150.77368614288298
481.4882282393291
81.76363575060451
474.870419585549
75.66033190648552
480.27071692161854
74.84852982376634
481.26562984421736
83.39468795008723
219.83986312429263
52.84262194296619
477.94781445445125
85.07303755163203
482.2472152802341
123.06183807886529
479.0013209791423
55.39108819961848
480.13587116707373
102.62297824405941
477.2988518499037
39.47183337565953
481.07881894273964
149.65952156497661
309.5592069241728
80.89021334243643
482.37201187272615
283.93652105176204
483.9896559929593
94.06367487138893
477.0646508072518
49.372527830288234
473.2298039596692
171.91721107531765
482.29673592493714
164.1259023955782
483.6908387162495
69.63735705784774
483.8900524421374
55.21134442372828
483.0653280037517
64.94574207145311
473.24995889253233
50.279639234660266
472.0688581302609
62.268851246121756
473.53256632774304
86.89227852306932
482.05137255372915
88.75087578751497
474.2275020864111
77.3093715310798
478.12782506881223
445.2795036029633
478.4906436856011
115.71824815140069
476.5519974038903
45.84768916434996
484.36546297279915
157.19006381304257
484.0410153475824
54.13590031539337
474.68257718278517
143.17354231853537
480.5459352350001
209.53331713449722
469.6313044740921
199.80639828689272
479.7499029811106
150.13520118819105
476.31583179871404
86.92792392688804
456.28816119775945
68.23457687547761
475.02664289018344
36.01530241084457
469.8806089394549
91.008838217976
473.5063551080983
94.49204297503505
477.2867535816697
53.56876336469788
470.8335639434901
61.95596234478403
422.3952578902519
85.93657618560171
472.79918910374846
52.948562554265656
477.39017551593184
73.8968649689514
474.46883166401204
44.22670710198716
466.28552115756446
120.2381903458928
458.5625181367618
58.410712551712244
182.0829597585936
33.41540845665034
141.20374833840017
61.39404450084445
236.2349661790791
38.024993880933614
40.30982213408782
67.225195343437
148.01152212985042
32.14126043208086
79.41962634357154
54.356138025364444
34.27178697537477
20.653000492255128
53.544366631214935
31.423093621334818
79.0882303141925
19.602116938819393
66.70314085886966
23.002327229271717
48.03584047364674
18.03765998563979
115.77738302263813
24.910335210276056
159.41313831311584
17.096999264393826
203.66588580621985
34.43335922439744
451.8131749348274
70.09732740154513
331.21332364152005
56.43648185908137
472.5095773227407
82.92781297206662
481.93887299744074
124.13217464528428
484.34197629503666
70.4748203887007
465.50295331818955
90.26630094376887
477.93640631204545
175.74506029735414
480.06225413751963
90.82507956854606
480.88054790870063
44.117247936681196
474.3403466019373
88.31324378867694
475.574028529073
154.68526252805952
480.34221053419367
62.48083730694743
484.3545349543228
37.096544317061976
356.3953483277432
61.10476302504852
470.8681452347688
70.303640191547
471.8609732238354
95.4804741281262
134.04315705980966
141.43473278040452
478.4341639440946
86.54556677491179
478.70944429828444
55.030649278507845
462.5933869299698
108.36159338827329
470.3230251149008
60.36447684433036
336.53198671705496
52.655538532628455
369.41188403550404
68.16456034088593
479.43372029131194
53.466035258051626
313.68433811590484
~~~~~ End of results.
