20.536699068472377
0.39516388891659915
-0.3000443208269452
0.9711019085949939
3.0613033573947597
1.8040406996705123
5.084771748658808
9.577346883207344
8.715879437911452
3.1698207013727098
9.059740927754486
2.0030582735068334
7.830488587113138
17.52705582691515
12.15151155799141
-0.23666427985728244
15.013105331944503
7.20836897031127
7.012378851264993
-0.02841966626812642
0.6871558809606828
9.513253096830347
11.033857942463863
4.776823373394203
8.031484805351882
10.812031481519117
9.393743252289331
1.5852391952495033
4.419033888827629
11.751716397398665
5.19720808647916
1.5328855717481726
7.35009111995149
0.05698892333816019
6.2965423461301135
14.501105926945613
0.23808005934612275
12.373582849316767
-0.029020121233856777
5.782274074263008
1.3261062195726119
-11.162317389601402
-6.328390298735307
13.143389784201517
-1.8032372904167775
-5.301977345612077
-7.081071428694528
-0.3390370698978291
-7.120344399639263
9.55871549324538
9.789316888877387
9.780045115515012
9.331902016088188
9.425035273943397
9.026514964898572
8.631560140664883
-3.6292149252680974
8.742594603889124
10.284055661034412
10.24721754743293
-3.592976116523968
8.6302302398494
-6.350236942141702
-5.565118964523891
9.86015906103585
8.645462418450007
-4.308283272810427
10.188718498006885
-7.020285122923779
-4.443311649427599
7.613932982306123
-5.188068425596823
0.34528547912880736
-5.097383969136505
0.6362384146111459
-5.348611053457193
-3.228519891743807
-0.39558497761060885
-5.491440069005995
3.8411165089639896
-3.939420663184583
-3.0769832712204224
-0.7121902898092585
-3.315642316570723
-6.157060001875251
-6.138368974462342
-7.105851857772452
-0.18779872746715576
-5.586187650420453
-6.306570564086815
-7.06511990836383
0.08131875153341017
-1.7767693433023273
-0.48313110972209916
-7.220218627718301
1.641869538255576
-6.796528162879447
1.103407285987879
1.3840713845423567
3.229826826464752
-7.894846419361155
-3.6423019242113037
-5.47295166081234
-1.4996829338583595
-7.249262639906029
-5.379542420847719
-5.917523144449097
9.726020270375903
-7.070699151440202
-6.936645196878389
-0.5239240332165505
3.1064789905913774
-4.4620369184894
-7.018790527478743
-5.578848751346745
-6.975315649019532
-3.5480932203599314
5.482276883118712
-7.701243074742214
5.594432573833
-2.4984832984173457
9.177579492546176
0.7789321718728157
1.8843029366419821
-4.334034732311983
-6.975315649019532
-4.8864557786341765
-6.794354246425344
-5.839518576374098
-5.56823034439825
-6.508622314868728
-5.5514961393091955
3.211192429731951
-5.548839633300638
-6.040262395193711
2.730323922703552
-2.8097262125226767
-4.6929232141709045
2.6097122364172045
-5.115077849742143
-1.545155513304021
-1.552214934642282
-7.294484130613181
-6.28675351066879
-1.9540035569712613
-3.5713695384914383
-5.242827517693273
10.38526432310337
-7.340045957334411
-0.6912044999871796
-7.220218627718301
-3.28370004693372
-2.7144109549547926
-3.7853783458321595
-6.034839901947432
-3.785560984474694
-6.2888633728921155
-1.620150223076652
-5.317428827617664
-2.8369061652645566
-3.5242669558317603
-4.992623477107896
2.6764280451943203
-3.9183554143422787
-7.0135218984872765
4.530922094630656
-3.474841447681218
1.0556037761455475
-0.039849910418810364
-5.374977419660855
-0.5389250584937875
-5.170921897046188
-5.461902903729696
-1.6050620880480473
9.10607959866755
3.8591737561359056
8.061411063555914
8.50213682034691
8.790181016704112
-5.348611053457193
8.924328506653573
8.808262631776312
8.100533308515201
-0.9137019219692721
8.652334147595502
-4.895453730120688
9.278851066951162
-5.4360376771297965
8.414989733874515
8.778366521050554
-4.559131827666908
9.843412659237789
8.10818453998197
9.88344413660372
9.975884196310847
8.217404178618626
8.007920586670826
8.962285949209164
7.8284214450784955
-4.639831591212281
10.435581700528054
8.444506593694802
-3.9235174096103385
8.229185767779443
8.626641801888864
8.192696012039233
10.344623466989733
8.463503425908138
-4.795808131605826
8.327391627825246
10.40953479610245
10.65271419248278
8.61086170663837
8.727309588341205
-5.6278770430958165
-2.772697666837784
9.613115867256145
8.705178414368003
-6.444634178360856
-4.5531183940912525
10.533344928708354
9.894112262682672
-5.514374543458408
8.902888789116833
-6.430324703199512
10.399135651348367
10.454191928772305
-5.22563050511474
7.968373403428576
-3.8597868786480367
-3.801128348909308
-5.751912863071909
10.435581700528054
8.89601395431873
7.529945263389415
-2.86010894459401
8.744547197621106
-5.822450646864482
-3.862205381972295
9.553904774766135
-6.246519282417189
10.368641216102478
-6.0177821913356055
-4.597884814154246
-6.078051739036553
8.883383279925962
7.767123469504466
8.669744372208392
10.701522885821237
10.555439033425808
8.734351687061135
9.17510439118704
-5.618191476490015
-6.464574868608646
-3.3719729163550114
9.863001232857124
7.590004956525462
-2.954151584176143
10.188086984613175
8.80717705802887
10.495017959899801
10.035370962034053
9.557181530209895
9.926844861755141
-7.456376593015566
9.967968636000853
7.539412554747661
-2.5902052867559666
8.937222448547923
-6.226122362615453
8.041902359581703
8.653561498696732
-4.065623188497801
8.778366521050554
-5.159753475145312
8.99295004481575
7.566957457239103
-3.5995307235955574
7.847059675246973
9.280908210458232
9.601608660367873
10.155346455534858
-5.433140006819391
8.742983637068352
10.3907049381068
8.705178414368003
-5.445806951036774
9.666193545989175
10.518725713148743
8.647999916188773
-2.3972128171625053
10.551468140097882
-5.415843275953137
-3.107447471003623
10.40953479610245
8.705178414368003
9.426874284081691
8.89601395431873
10.338835672706336
8.683587448022573
-5.714443121535545
8.76292067985817
-3.585920121182007
8.558704204862677
10.454191928772305
8.830656862103247
8.546270356346511
9.713959942040532
10.4807988037916
8.726033888341332
10.525593855812003
9.080615658966352
10.40953479610245
8.705178414368003
7.6132331165413305
8.532994614231162
7.336094953987503
9.828792725870224
8.055462627719077
9.570350186919168
11.10852085609484
9.446232519204548
9.230689727500975
9.392000801806308
7.421178209601436
10.312418192459086
10.828709496365299
8.59826954229758
7.283126086938609
9.823428151713783
7.416608691485337
7.743891781041484
7.260444705638218
9.341136732160328
7.410447921698363
9.904641018555951
9.175090522995816
9.33040693827894
11.408017053742569
7.802624878100852
11.602121379841327
10.15992349545502
7.201532495265965
8.783784235267824
10.499413419479458
9.876098046121324
9.810040774445744
9.328884587886456
9.927484500766646
10.678593666414196
8.671395381848582
10.067425066522674
8.774933247529344
8.289829591624066
7.751735806725716
10.405636026517088
10.47757121348342
8.447267564781985
10.571004663136032
8.858149873900818
10.571004663136032
9.447101160198233
10.211795578631365
9.197610827427043
9.071805836111858
8.61127962192608
8.803483248563298
9.57267440592997
10.593577292602031
10.406179999715672
7.078496002286413
9.337047819995057
10.590078363904658
8.615035350923634
10.40953479610245
9.888465036562224
9.529525803987514
8.727309588341205
7.412182988986828
8.722098713086426
10.507221228878569
8.690594997332846
10.4807988037916
8.705178414368003
8.757564625556233
8.93845333060185
9.556485905134357
10.383644612878275
10.4807988037916
10.366409324568824
10.338835672706336
10.64105713590893
8.35831267576776
8.76292067985817
10.364506786416982
8.249689227471656
9.694606951129382
10.205882665993443
9.209838556873324
8.748168274280586
10.503253922897349
8.369871528161097
8.909176687627284
9.743299353877408
10.4807988037916
9.871580611273906
7.650729583524372
9.780414101585547
8.188223227989983
9.926844861755141
7.502761325019605
9.333319388697314
9.520391284040208
9.926844861755141
11.254624851225815
10.03423210916575
7.539412554747661
9.360756631558221
10.003398997815104
9.63893291234837
10.620376783572711
8.705178414368003
10.18528548113891
8.874936203351345
9.028228605135078
9.825841465919382
10.499413419479458
9.10334460871977
7.452413770568464
9.126649538517853
7.502761325019605
9.905231410659185
7.641023610096344
9.035896537632805
10.655403779726166
10.113580846505593
7.502745390265618
8.856762961802863
7.598640788117208
8.249681807454897
7.590004956525462
8.48137876242169
10.769846997338568
10.359133403437058
10.499413419479458
8.705177170328833
10.322038218713228
8.36440240740193
7.416608691485337
8.400880173064772
11.595829994535618
8.846892091759585
9.92381217476247
8.85349814292331
8.941877397862827
9.801449073485786
10.697960319717993
8.875737430064774
9.154415112583525
9.546454981728829
7.971363617772209
10.674860538888078
9.077658146099983
9.367758083090338
9.988293907428739
9.27561389985099
8.816786482368697
8.705178414368003
9.674972419032105
16.32142104589762
6.9343176866861
37.01013581239748
19.776257641262415
105.95486900987108
31.43420645554051
76.77952677016523
17.05636778162507
58.98509733125274
36.17494031162232
101.28254648977622
11.21870610574857
68.3171137112981
4.790692440356873
9.339746448380195
23.087896534402127
4.2446997794942645
6.443271017647673
22.167339492328647
20.702047243288327
37.40608835858352
2.3472265785044266
35.14931962543047
34.7141810618498
43.22746584577435
62.296409390238864
5.187592713715569
12.899843599243638
13.793036994963169
26.182316372940413
28.80058451009008
9.736473589984538
27.912379766116267
0.19240356100425426
46.897402783579686
12.059346916483527
-0.33638072136575126
29.524468815378064
13.78723591208738
14.858868206662725
14.328460283156419
7.643957702927107
14.083011290408034
13.008779517730876
14.786634894353302
8.416604439836739
20.598760608308417
-3.8154620376378707
16.376753658277874
10.031196084974578
19.950362665710433
1.1366197879966142
17.50214846235364
25.08454079236575
52.080294498195094
8.807972569821452
25.247148812767026
14.592009563296795
1.5796954311062255
4.972829742508903
89.98032254740772
14.665534064365389
16.26019051040193
39.23553650276301
29.735587682973758
3.718479521942653
23.03660201794725
5.447277832378334
14.432437414560809
3.4904201075431436
14.836121795024374
20.88743382784432
14.189810806480935
15.392006995646657
1.572707134032707
15.416313344844493
11.915253860721487
12.211973242425735
25.751655645917438
18.491503198518576
18.09325269460798
13.944918100247419
8.38239049856108
8.93599404990662
18.70485286307447
2.1893931317571456
9.69893976107647
4.396579099975435
1.82164251839695
28.86428260317357
45.95423796578623
1.951551790401945
5.919744826232053
18.023717295094677
33.4112038027961
16.10805071934522
33.38108296238234
9.135147492354587
13.342145976516779
19.50598069955744
14.150869031993459
7.042295667791251
8.634874765333826
3.837719542491434
17.04769269977255
7.553154212033733
28.967761542125743
19.54953042705646
5.5925012311477795
32.69017173763033
25.03915948266934
5.6209474772589845
21.451972872874745
6.649722103996999
30.338901431828692
21.00186368594948
43.96040007352363
9.088791267856385
71.66962265489191
14.348909111532382
35.934608899332055
26.812257883648606
80.45656967184256
4.377094209989969
19.556541271850794
23.791973345401416
64.79237902112041
4.7031819679834355
39.98090192233885
8.719616678451981
14.980736834135083
8.07249177895465
13.775781718426487
40.907970616182475
65.07749603469505
3.087460788769476
24.113460537475213
3.740628970811822
15.737023534145461
6.940950948404012
22.825687495816943
15.123279390113632
39.73400403969276
32.501666340497806
12.826469942226925
34.546004798353835
47.73860529591422
9.847686850683335
58.86313066065013
28.32070830671118
41.43272233205975
31.062155934521893
54.7681293522355
38.172156093112875
28.764836179237772
2.0347651725349287
55.60482674945595
39.355140886021715
66.3364087836292
12.040662448280433
55.75859588205097
18.576550207617775
46.63365421480697
9.587684224005134
42.706134249904636
7.97024286998295
123.54434551443663
9.551821255034863
43.751351924258394
50.35001617782075
46.14724898891421
33.26753235447661
46.01980974028466
40.085150892922194
41.36713131195932
31.917178462768334
64.53600695682601
15.960193344019876
22.3426370241709
46.42623326861936
40.07919797457118
66.1428059329743
12.471566755090928
42.545402834179114
94.74913521133327
50.5779775423203
63.07288612816287
31.25236780585707
91.08823675651611
39.56673582164051
85.83390771111014
18.246306915220618
161.10152625384367
28.328901032418266
75.39840455727625
62.73164480180788
126.45693262239375
22.930531268491816
66.39273645644771
35.32918524403602
21.57194338803211
12.1018080411887
169.73888462442258
17.93351568966552
76.51745964302279
14.761391867047704
178.9522104292006
11.274000784421073
149.3962928632065
11.154485098796563
4.023897128927271
22.389048636443402
123.61844538721468
26.9522365599125
262.6830607263848
9.838184023449012
92.67661323719145
27.794876161652766
166.8215925509894
19.417304362188283
105.59856541890164
41.45688501643815
157.81636407113135
21.786731713508317
38.19370128398818
43.90755085279589
74.91427681661595
34.24788510040305
103.16103372107153
8.626681954831605
65.8910711259779
37.088722583929325
136.32304291571032
61.96687188784832
29.468234652775
65.87487523038048
67.72350966370118
32.8170714580811
170.92376168770633
51.30673923014791
55.38863293193119
34.54969231987849
128.01427575477078
32.28702881255303
50.146493483952135
37.61584720544676
131.76858081023573
74.96156597225635
123.47421888548955
55.7503110244232
77.01032452704575
57.40537234789269
34.95409725759389
45.52687651556908
48.351976123415156
32.00128207028662
79.59670669444121
33.83957665031445
43.308814948052955
16.34588011797429
153.75714275296778
46.055485697479966
65.23561682504052
32.459205482131395
76.50400892560552
33.7498748139278
16.492562336933727
12.2069510541241
39.80241036045524
23.687755800690862
79.60222031756754
9.352123184210594
71.69211341094875
20.42522087898832
31.432902250265794
36.82451337489861
88.64280737539767
16.463725028928277
65.65661029046326
29.424455699314255
75.1460237925536
27.628352378959953
86.5282491825853
99.02674412541934
67.29721161340885
14.04956675775903
39.233682616517655
49.89179650614069
52.24215396526036
58.71762433729857
62.354106979446605
7.712660112019816
86.78782237818218
13.911778429777854
68.71183856358196
8.601962963643748
43.76693645958458
97.41905310055091
55.14968853277625
36.98766337604387
55.02409786907462
50.67939910278033
65.52116163389253
6.204415759774271
40.87227342383328
63.64308289649888
102.955447303584
6.545266146781399
86.60897386789078
40.85758074316083
61.05932123619453
26.75283306369926
74.26433128054654
55.1403157935053
71.77966784712262
25.14327606809879
80.16861466725632
20.034545315801346
111.22233766214444
57.336823892527434
107.46910078701487
27.213826621156016
68.90591219129341
12.882560954269048
116.06482401941362
74.5110031125966
120.65963996157744
96.03423404515517
254.38913019671855
96.76896668156252
88.46345433584959
64.32961976701213
165.7757559635762
55.745937092310946
195.17628905930692
9.086123637382718
62.06620809727771
53.92367563166189
148.78821851980413
49.60511676403132
50.16386822444933
39.943093103024765
46.39406733685749
112.13334122142462
224.0083698860046
51.53622232165341
313.3403900626652
50.84361747491032
127.29177004200073
25.754488688939063
407.3800018414282
65.1752222844811
33.33001505840774
50.29572965519343
443.32651459780556
16.78727280757596
331.1665181326023
15.419436763202565
140.1458478413387
41.684912493744385
122.98156952506967
143.2070480296514
44.39140914735836
30.280231629633906
225.33807940720104
16.863463020601223
182.49160397042712
30.336237909014585
115.84302668277722
73.84599315722639
104.24009464154372
43.4262516223417
450.0059949374868
51.87662598598084
418.51087162410477
47.26367736423116
234.83937567400957
77.27863923596261
452.8311424048567
203.91169205556508
443.452773985845
23.071629394186683
451.06059206412635
121.24489962052618
444.3116945534061
24.36285264907636
360.0445584752955
17.108728051548987
249.41565461499712
11.615761774373157
311.1613158305411
95.91024284274314
86.48397495143223
56.40480291275271
56.59044538752744
17.068855073075262
459.61423142882904
44.45957050649362
238.42291392576922
223.0201904825536
95.26742988660779
58.30377550549182
10.745767627021932
15.674204479619643
445.097123411685
84.68343866856725
85.51098261724874
58.08876821750778
242.7972581977167
11.321195229339269
69.52586859539058
78.35541190825327
213.93856564978574
46.50651762634041
463.19525034055727
143.05767987583874
114.46417872309318
48.99224954563368
96.8449977730342
2.129740688746451
80.45991887805307
203.8374639072821
445.85815358972815
107.02178020560596
131.1272790800946
110.03586372399961
458.1441174789922
98.82966255352649
132.1530236160286
24.014516108978295
451.61925396018637
190.26369764284547
452.1778125324531
20.43836246484957
451.8702837959346
83.4235216891358
456.52318946017556
137.56314614171873
449.36802396949327
94.68725723683126
445.2873787198392
35.93924718512716
458.3827202938706
236.8570227589295
294.5709558055438
71.48286970186338
449.8524382049337
86.64429570692312
431.72189859572165
107.27252963746963
147.19457252998336
52.598548414467984
122.16161485342805
144.79897734711167
213.5013549039508
106.91015493811192
448.47412298674385
58.27793222987412
459.16799789664844
15.633051364050331
461.8539055270298
51.89741243366247
445.24941913921793
32.10588742082615
45.54394766183214
118.44726657586573
408.66707480981006
30.146028614780153
255.41746967099758
40.14732561801723
208.32103545413673
50.71557127688098
463.2796698524972
40.07706014327069
459.7894342806848
232.3350293177382
139.9794265189708
131.49317470440033
52.69311465382819
76.02883491838472
466.92687809838117
35.04892823087636
465.9559134393242
100.27658486133532
376.23079381281144
113.50639071079831
465.95762743177033
57.32724944527715
268.65580399968076
29.918241481087197
281.2082543994769
16.063642911456984
142.1716875669279
56.56537090985288
453.57407660029014
46.48975261528212
457.5380845420276
17.515076248668553
287.41505792272324
110.88123233166019
364.70981920260925
169.7697300613857
392.2257383105154
104.37132086275898
458.91653487958376
75.01306510486452
462.90905391608743
64.73749369134242
467.62853964826843
91.39446119608483
464.56677131956235
209.68693318222225
448.32518790503957
36.38146838162887
240.46972431074065
78.12850486425927
440.74601926176916
97.35925416340677
471.0811444678095
203.3293201693416
327.5993007500658
61.29806324582683
460.8002317660343
87.03256645136862
473.66585636078355
146.83185374019072
464.0039298359317
87.54760232948458
463.62349698612206
56.99778983117609
475.0279964668866
38.59630892253631
465.398561734954
211.87903915579776
469.63589452269656
175.2270530718689
439.6070094172506
38.1811596151081
459.8660225596414
159.95322990318274
67.3810968964751
238.37372427798448
466.9931837039497
21.027910343600162
470.6383656474208
57.41862618736643
465.3440290984575
127.77820115465175
460.1977220737124
44.62008282546858
469.46158751723857
100.08353033617568
462.20816604127873
59.37216313337345
145.84667072404213
40.510919929346315
473.09371080304595
105.69253467285493
243.51219295867523
161.54243630029407
466.81425507319483
27.79603944492076
340.9867339862921
436.5623337356493
473.1315319367656
135.18611879823465
471.9758540468048
350.00198121802447
472.4190737503359
204.31394020287877
472.11257593138197
200.52428534711447
472.46036808462094
152.34186673079304
470.9816031261227
93.82987487162603
470.8405964003786
317.01282979684794
472.09238087539296
67.5261139810483
474.7212740470499
271.2324083122136
292.96336922253766
12.003085018771923
27.849784026861098
6.672979610232527
5.457004817102654
0.4266086297836478
12.518545907104835
10.775321955624218
9.695922472658316
4.16141482574746
1.4640278448751167
3.7691139315599997
468.4209618986054
39.87071961134347
20.745288356763915
4.860409219235362
433.5848122466655
14.853357138928143
339.43824420219227
18.874972717727573
77.08910750311396
60.62290563330952
154.58346896064978
18.74210385556972
435.17273360428277
4.276478511183563
35.44443033824349
37.42087118440506
124.76806201455236
11.482981236579155
57.66139248808753
19.510833960855997
456.84041741487215
15.049961273055658
456.21012147266464
13.52118275089363
37.23662561174276
16.47355094646687
465.75625435422324
43.099987911356905
376.2033851846872
16.289924634403878
227.5574064099487
13.006366330663216
449.1102536241648
19.663707640372696
451.78192058062814
4.537169333528016
297.362201976911
12.543022901268913
409.7499710002211
13.92140134362191
336.0901616590645
11.727297980828165
456.3604284621475
15.365627272631965
448.8065144698892
0.36897578834620237
454.894156117222
55.679785695334594
459.2762148199072
10.59771295471343
303.61048729648246
16.748586905892278
439.2276745023099
25.590309061229398
50.94824126720017
11.99510986093745
148.35304979531813
30.492969135886298
444.54251396793404
12.193602912812892
253.74814089177363
7.883014186964662
18.428601863364314
5.879793170776491
451.56793759612975
5.230150982099179
452.6968974789498
9.490269694809042
278.300459771392
61.71140546477008
302.2618025711562
140.16306190913784
256.72771093230165
138.7104348204238
306.94392700714303
15.994482360576201
267.23712789440725
26.89723516151396
453.6068253019486
56.105531851429596
444.62394494309035
7.1821841012249985
461.9013263247299
17.467628980372417
217.64292657505595
10.174873965656294
305.71765623024504
24.530387899834754
271.17667151910655
17.05258456034843
238.55748156492484
21.79561348273766
452.72733394917395
68.09326504128607
449.53203511109115
11.306768522595934
455.11471772719085
13.79961074502607
456.46921573480415
14.092583639079464
462.9541811881145
27.747022869196233
460.69385933547267
42.37468907848719
391.59758902004256
1.0246608623161557
480.85068655510736
445.95662377975884
479.3131062067034
448.35310233262766
477.47282793531923
453.6442962370933
477.09196523429534
425.2850594948332
448.599444601679
17.290880454107878
357.9213612045088
2.0314740292554454
1.0755816867853816
0.8431333929021241
245.1513227451973
41.02749787815699
455.81124762345235
24.698842338831124
463.3996414793977
58.100721084706585
441.0975536625652
24.352171385059343
203.6607406536472
40.90467784917057
475.21366742550225
110.96113028509016
171.0807674546053
15.013177767438524
269.5838409524087
10.046617818867455
471.25544382026334
102.77218399877096
481.07441045333394
444.7765672381366
483.54158088233044
448.7873829304483
471.4730282624278
439.4833551761028
479.3224676386223
453.13856419936053
478.8201661884451
135.0921809217522
13.48191051688831
6.804404219866803
471.7223955153872
448.92206136491086
476.54194182723097
455.17316870436616
481.48684160759115
457.21421663901947
476.1624593462675
344.77546597794014
483.5092339640101
219.00277869335466
473.2941711593039
23.034341187604728
481.3728488357337
146.62518836973894
480.5346947630549
459.20710827581865
477.2077642382229
453.31514644310147
481.9808374257331
452.6097753236334
478.77481892544716
448.767544188078
481.37128677887193
455.68328424412925
465.20800904207914
26.116256853777127
178.7530672616158
6.353663799701956
18.18875709245466
16.12274028633408
465.142763666313
43.76452165540909
457.01044337342984
47.46639777763258
471.7176074537017
51.68500117494565
468.72836986866184
35.32511250436465
462.9722209608597
24.62659137798202
458.8417105908672
46.55428070422973
456.3900473294101
10.772927462038066
456.52375870378273
19.642775066132113
237.10922795558224
20.06437025945655
462.7650708100071
24.544104948046968
465.1189946033161
8.786335586025453
456.614098144018
52.9127190910785
456.8101548507969
95.98326810909691
456.05055863697606
33.763221095672996
462.29761895071937
42.98494817476173
463.4513733273588
17.29225315187251
460.7951216384301
49.07916203921148
462.91298348255117
44.69536284240972
471.17553220354
42.19543500825843
205.39039045372542
115.22398384328557
472.0413195151906
64.99362811447286
466.2844652971436
17.25247701851754
457.5782325399576
29.63931735194256
465.0842179025923
200.1424441948654
464.24455984564145
149.31618161889887
457.09678393317773
104.46095937730853
465.6700493843683
63.68692030239319
461.9525843294937
24.476890643764722
465.03425229132665
17.00245950295946
450.7421099381111
19.972500175504376
472.94305225186366
18.429972413825137
455.2609728533573
53.124852506638504
467.3703231211247
60.06899565793768
468.73993849897295
10.899250063354962
465.8264930458827
6.90170105190024
484.02680888754446
465.46047658359004
487.2803505416465
352.8434546905271
477.26595816406956
441.97585435838596
482.3823400940273
417.63015926558654
479.4169468172275
464.2510880182411
479.7719475492479
401.20776219105625
484.56478673633916
460.4035330011421
486.51145446535673
463.4326982473398
482.3086961855063
463.5978933443099
478.58826869316385
454.5892846636613
477.4692812931534
454.67809862943784
484.6028192008578
463.62714530474443
487.8448012642678
463.6597727539702
481.91763101679237
458.8414939504276
488.72189348594117
178.8608623601842
486.179708930849
334.9405760219519
476.91796080415645
461.6804922182773
480.8921696658564
117.80482756096151
482.21172222655196
114.43781595963677
484.50476536739467
464.34162446464677
486.708771728827
327.8594148911309
483.7447859095989
469.680282067451
480.5881003464864
460.0854093890492
489.6438517174935
459.579812488702
489.3324523179712
459.70688926228985
487.3678563496827
128.446601679983
485.67246704252966
467.3401075238536
484.5351449059514
463.1331774017185
486.5724021301033
463.66310117824486
482.6686722541186
461.98541487316123
486.7408998883754
458.44331122134815
478.19728064812267
466.66688409634975
485.3147343465037
197.3181946209291
483.07622245412506
135.81920457701472
485.57428405962753
57.15513607617845
283.83725601239786
72.53877696641473
485.8225959974566
403.4460891363472
455.7671007261686
449.55054550400007
481.618601367315
457.15991508799755
482.8613294384969
465.6583599635746
483.62883077788956
458.6411788164222
482.6682219862977
465.7931005437381
487.16541719025804
464.838759839021
485.7016762774086
456.7213361425824
485.2648329010335
467.9905984100384
468.0059840170329
238.48234560460602
469.2411290008919
146.3002163660378
486.0797474079535
79.10331972944128
488.1244484159299
468.0722717956644
480.492913063045
439.6717231163701
486.38353209211834
464.61185847367557
482.79632836161335
468.25044082919106
485.33849769865975
449.90232453521594
478.53794838122866
464.8996209226633
486.07067694777083
262.97377966133746
487.842674092337
445.40347825409077
480.8901327033363
453.97987669870383
480.1465141185972
462.3873654212647
487.5297905980648
466.6526982743295
488.6242446955323
462.78912394691974
485.9242668451815
460.12278020693503
485.7437650227964
468.60438400542546
482.6950767002388
455.0959217165394
485.8324593685988
461.75676598640956
487.19841419319476
466.48124102889085
485.3087474048314
462.3156745969871
487.20592572472697
464.99482195241404
478.4152132847696
459.3836242987774
485.1167262091082
457.81564902204667
484.92606901308505
464.22343937737867
480.8902103100289
466.0343273032708
483.1883929503995
471.10737486360244
485.38725330200964
463.439478379842
477.7934044396223
462.71312353089735
485.41415366413133
463.53915444018
478.2792234953757
458.57516081498414
487.38907268925635
455.307392119655
320.78333178716787
469.2484490356054
488.7276909030418
468.641175060945
485.5199724521665
424.1517292912001
485.8368148278257
41.294111995791134
484.38930688011266
176.34013953426083
487.231224023855
170.52940456514324
375.0869313469511
54.32732876971606
487.6309884071356
459.6459335684998
175.64801808979811
238.8196003755377
462.53410832337806
306.9129296399053
486.52877050626114
190.9687641391798
253.62746594753762
461.621186139851
481.54139551141685
332.7060645212818
488.78534114443363
170.57519522908677
483.2030716116779
466.6209352617127
486.28012740452795
466.24706239347273
487.86488266120904
469.4886856853989
485.0401099858781
403.12181113554584
485.9540017817789
468.4024886853025
488.5938797160519
370.8798274362748
489.3105321683738
461.339122673731
483.81229955311863
462.0359381511494
491.15302673631527
186.09187076083197
489.0501229174858
462.4773904001536
492.3065433374828
384.141101304731
490.79651440542193
188.40095527042166
490.4750512355122
470.8477402459669
490.6590485193875
470.1089631633431
490.60494673753976
285.0641390573919
485.0694879093638
473.24339325157814
490.35969863162876
470.3822892491662
489.97501683646453
378.0932919210954
490.72162729239085
27.83380651127876
481.2773568773281
27.685093645425635
492.0112201000103
32.025319568995904
183.27867683937227
128.4007953264356
134.13312889521138
126.51896104109506
81.97597343106064
34.18908712159557
6.44151240895377
22.676265230647125
26.42972820240936
8.628119037638946
4.942993539728583
5.292396485681758
51.3565766008399
14.069776944679964
215.547690354697723
11.672404145414749
311.803811849219883
321.670762879582895
28.75025093200718
7.309451671892203
26.06386734434253
8.64318161695671
5.253167956173716
10.471586452760253
9.290975553273
21.995161688351054
230.346713364516045
212.2870280061514
144.02991266386424
174.14641676693253
479.6856254306063
58.63452939973719
479.87256223387686
268.42814892016787
340.9704263507025
197.2307935310641
388.9719871368868
226.67894324855993
290.53823151168905
97.60786748180291
435.07598551380414
82.40124883118096
258.82075856740386
135.50151698940823
233.68112764453218
148.69125667423842
158.86056039308784
122.66431464895842
201.6281055389581
87.99608524659062
286.69538011245646
167.97637342663825
256.4106682816787
100.97101607212747
493.02536441510614
93.14552244950517
491.0109095069668
90.58486325554551
232.29880311873598
162.772358795848
252.3128237866588
96.58182792428865
458.90710302015026
79.93956035711984
443.52573308484574
184.84484598886937
449.338493822005
214.99058757712152
489.9579089763452
393.9487699344606
491.72640949428217
91.18413700502592
339.9746396731449
396.79219510554464
487.66917281937833
83.7345598233265
321.81827209384346
138.56389076901976
215.9307978794534
213.0542728230101
492.1156226555202
286.47331650387275
306.1751806620096
102.14862765484723
234.36645860529663
94.45842544782649
249.99688653100102
92.09937220867027
292.9454336563888
49.89827106347238
347.87599275404176
110.49351351544689
466.0834127053204
127.58494586475042
484.91806567383315
453.09360307983934
479.6051691267682
155.07964320282798
429.3484279280175
185.7332859995639
269.1967860213954
187.9783230607814
243.67470198434538
188.46750453344066
308.77189131386524
170.09223033714866
247.02246564094418
185.08961863227506
488.85745934414706
151.8068953322159
224.58536697555587
165.04070908381885
330.2265869520456
135.36494410653387
304.18152335236084
193.6295011764894
207.0872776922402
120.72194689764294
428.793994939302
130.53013594655644
211.54671435317337
473.88551897678
485.97210091391776
411.60369817239416
268.95896975875655
222.8383320585329
272.32171185286177
106.04293640249114
327.87694110423104
476.854291713125
477.7901134055051
132.97738633342877
475.7529836240051
150.20941626307965
477.32913922959267
445.6318380049283
480.8546019436114
137.7320764691246
477.7254001640381
94.46880336132536
480.3698042671647
196.73104364553527
475.23973375280997
102.08247621701825
480.0135447705265
298.1559542410173
468.7038906459305
155.02143165731204
489.89913618394473
468.243789853739
468.1485730570946
332.56767286636955
472.5358172167921
462.53366432690655
483.03127279229875
438.1030991690426
364.81918181866644
123.24753075546785
482.72430166669704
168.00742801939546
479.521101135649
70.9741913087745
486.3418198707888
232.90436047906212
184.6189497159362
96.77924863251422
479.8846167068082
466.22597131879206
483.72696188763615
470.43982824196286
487.7409872600131
446.41937990794764
483.3739883919765
469.00631120428386
487.7354424617454
465.70022006840117
485.9856723992541
467.9125360844596
479.5731919050642
396.3232542563293
489.4980594398589
351.6014757776882
486.9828578506788
241.235615066374386
480.9942584312005
118.69179137251608
487.48249417346136
128.7802526533479
287.5076149513618
155.4474767030084
263.36259192626081
366.63568484001325
488.49506462428025
103.13056968980091
486.38077242804195
153.96188938755186
176.683694202153
219.2241100136775
481.9261021972692
469.1139422033079
344.1528716985028
324.64928179687143
486.1535228197281
419.59391186863115
477.59672621083763
472.6918845475183
478.7850356302881
467.1701293002428
484.18850313248123
338.19695602056856
480.596722825188
462.5849882783372
487.0291575603393
315.23496365765806
483.9380476185135
466.2729419378606
491.5605479274628
466.5706729300766
489.36429914453004
252.44678043405875
486.8746496543933
163.48927743464859
478.2802383191516
194.09292470409852
489.10510816212883
472.58197026282346
489.80855354029865
461.39944025971784
488.69555472959524
466.75832423036496
484.05786914776763
455.95333113173666
490.3899754578003
286.9351005940399
485.849247273108
340.0220906733058
490.43355581752246
464.02263343711223
490.8607069518273
470.9154816268918
485.18149364256357
328.48187621703494
489.20220394476064
307.4118652489737
490.8736276643938
236.17905063977458
488.8446597193929
448.3727157266024
490.1980022324157
451.5582714756163
484.85460110294264
298.08077754824234
492.39177990350805
394.17542471981395
249.69494396819903
167.76081851316349
489.1982597947355
216.678354971471325
128.04772952062888
218.576871811019924
425.8108254443812
232.94977214842574
275.43185064313252
225.876406957051667
206.15381382123653
388.08374414960284
485.49029421362206
161.73956413947434
151.6905887777022
349.6091382006551
479.91498405282687
462.742642945049
488.40303536362177
194.88648053044327
486.3651696091752
254.81347827712378
489.14437005626354
351.3022649567994
489.2452840828637
465.8119596908877
487.88804375053326
469.150335672211
488.5541957902863
473.5423893677206
488.22569403860393
463.80431681358834
488.7341352250406
381.68752563021246
490.35814819653564
231.82141899985038
489.97488932286325
198.98872232422025
487.537478206246
319.5818698300941
489.601677769163
466.1479901255542
489.7476444735579
348.73221662812864
489.31135691761796
464.2951184103778
484.1920287109008
471.2569214931338
476.26469648921983
458.6973004626368
486.4176736998019
370.22649785336002
487.6245924084453
458.7592239446502
488.33806948440537
463.6386304974325
489.5230176043224
357.3309579217316
485.6683948504016
286.9064567191647
359.7796763027961
355.70339443124376
488.7735284460667
241.26015754217448
390.66261809960514
360.23663039389424
483.75175719470235
467.8611485823037
487.5835755350623
244.73577648946258
227.0895514494542
233.93643792926298
278.615126577649
259.74355222291975
485.82499738455994
246.09132477582675
485.29050713139316
229.864854610797643
379.21019619656076
275.94521317058795
427.8641948720947
248.95167774374746
323.55351598518897
295.53917001880487
487.6729464846042
265.91342794785717
448.08556045990264
263.25652801541025
232.59090157153489
281.35603945409515
483.07423041582877
209.10444196444367
480.1022488497667
235.74178271134645
486.15936743337386
451.81789761125043
477.9325426031005
215.94214941173666
484.19865669762544
296.59293479089641
416.5868137917381
385.19822134647326
484.71684072873956
328.7281718538383
484.1560105010989
217.72021913085405
483.9601744500895
271.54812672753124
486.00327368828806
383.2063432880994
483.5522580481619
354.36408019594752
484.9054285510947
386.11433536093092
489.3203750023789
391.41712522551751
486.94067572631536
382.1900314587241
487.1196546063759
461.2809761752116
486.06819146001516
295.844459714381
489.0379606376657
392.05985649239099
487.3414446952294
254.32653938778438
484.4733007529074
311.3239510730116
479.94381980787267
446.26718135446885
488.4695748207023
418.29174313008633
484.4695700830643
308.54218720669054
486.5976102680154
359.14671883791822
490.0598551958878
267.7470625246303
485.9384832957498
468.0861491899497
484.6825522281856
389.46422714669671
486.7480132842016
470.127187731213
479.34693838826155
205.83219415140454
486.60926487849457
222.32225646490042
480.6332166402114
468.8597129932745
475.9267427517629
465.2842502925409
487.3933249788619
470.1340062355221
484.8966660842016
462.394134112397
486.19689913255735
206.4314614337691
485.28003939435496
352.1649813797201
488.68423848463857
352.88060715901924
486.60729226335116
247.90082707531778
485.0192799225219
204.23695218158505
485.0840118253131
245.19203927355726
486.08438841240763
207.61243707171316
483.9395102518691
256.812766640428954
489.30461076136515
279.19883260666185
488.0328832919507
254.851674174150425
488.17779411268884
299.6391172958501
488.7965868377723
249.75546952412975
487.3546617979739
238.84362390515343
485.0051717313196
230.30128695458924
485.73883293048823
251.062630699638504
489.6263791566761
224.78446453374236
486.34867620674424
208.71933015623824
486.54420461871337
243.34680041119577
459.9202382197389
462.99070251285525
486.8022829149964
236.44674253969566
488.9134302234638
246.94451328050036
489.97296069984384
234.88929968391184
485.65021238009547
466.9802623392498
490.10595625153996
466.6358439085433
489.99027223380386
226.28035674125229
484.22580458080284
212.70215012385079
487.4412149615049
