46.453324253799394
140.63126779949187
376.59535118263796
156.5582039202914
293.18884269237327
80.0688356617272
368.29124498852417
185.75247058982268
274.1750201478364
195.59795353360175
215.2230978632264
333.56332551766405
210.70616946529944
353.38869788595895
221.30972218673617
65.9319252517516
331.60663619978527
138.260038813991
344.6740823865609
123.14824341209271
34.14539557191109
180.20788343198302
158.71664581382032
119.96630548770234
45.524250559771836
119.92880503219094
39.226498818140215
53.00430886221733
157.4284127510772
36.775841097545204
46.99711885335494
36.30256383010287
36.40043247533705
36.06017095575177
98.97008652446229
37.246345282911236
60.6261555103359
39.04751253322293
59.11594834345466
38.97975018012665
40.26543169238615
39.02563779909823
36.2258577596468
37.507549708890124
36.13329702813199
37.05698354362159
38.83451158758833
36.66525678454306
41.21214926474405
36.971658187459795
36.499950839951396
37.06847064554692
36.61794091466421
36.444368137242385
37.18472431114983
39.95890300415796
60.71860699687889
38.39460194008608
48.6408129594703
39.17561784932283
45.89469093058087
41.95219712017122
53.906634279024225
38.70767264459542
45.98246342456984
39.0056494689322
63.14639149405669
35.8937137061165
53.44777935943437
53.169791919241476
63.71657965833506
64.01287101968877
53.903728662268925
81.84636149432977
36.50838274580583
36.00920769085485
50.47991644874301
36.78097956406535
52.26960321778673
45.882570388270224
72.05387790102559
56.97376844780133
41.24320914801909
35.95272345523004
38.96042606582787
51.681273639151335
70.24135423566979
44.362603915359585
36.68036710697157
37.149807111719404
42.808848649252894
53.54086331036122
62.41233059123091
67.17955986301051
134.8988836988667
43.208263704435524
38.73092418467833
35.37694773536273
38.9688427628494
52.65293035629645
47.60424229588912
134.4475562624934
43.37019247661274
57.7791244282952
62.73600447233658
45.71724183687545
65.59603282966613
72.8428581631244
49.282014551945416
41.85005540816926
91.21289219636964
95.53156196085993
107.26582374924014
71.42269049784335
44.26890851650932
60.747234765302636
42.25469666426536
152.68339773493778
38.9827524162291
114.80191541513886
99.86415442952823
104.63493947688178
426.944266456548
138.0349036409035
47.66466053407262
37.57694621463268
202.79311513415288
220.19005516123963
384.87654767056887
194.12103082700716
146.65471628299153
146.46357058462266
279.5996175787223
268.6883020296865
40.86012974425225
347.6077470297835
103.47854361813788
67.33672654114562
48.884759462706675
44.78727572007023
36.005209782598946
247.17845876907035
118.37823132454544
89.01302603999986
40.737985714811
124.4572771626647
114.59068478932792
36.20256608784122
199.1888605908075
230.1894463980272
188.54027670458007
160.01385776780756
153.172089977051
64.82275631963766
89.64737267506742
122.74078137764863
151.54944890865158
194.06364285306884
114.74962776068796
172.88651068342108
126.58720951185867
172.85279603238067
40.161633777494046
37.01594408957315
36.41860278493024
36.94794025088554
37.026162082402685
36.40897552755118
95.13374173874402
40.74194757796448
129.6050891397911
184.83498254278348
125.4008573553416
74.97207017828735
104.95678822277611
48.3026546853074
108.18999692334015
56.7274807539948
148.8834489206976
198.70512545341012
106.41052727641117
46.63150553223756
106.73843406793686
129.62557397280852
45.2994915841737
38.88201404823108
155.42373692778588
115.12693505919205
139.71034144678754
53.04290058894571
220.16757286570467
142.485208978425
36.336834694673854
38.697192317845605
165.1472650741232
156.63419683561054
189.0885209450138
120.51937455086875
36.775027484967524
89.65816817332889
107.38625015114596
36.627342525043325
52.104255902568134
198.4950121977142
229.7223518239561
171.6612946933487
35.92034892594409
120.36445450373427
68.72281169617037
77.63815991032095
36.29990775172917
76.25747375848346
125.95489706556137
354.65924260331684
51.058194447155664
53.288984773449855
35.94971735613565
40.486286782478956
40.31452474426699
79.116857040989
65.42316825947425
83.87761244094203
49.54592919380997
36.70948835169799
63.05769364525933
46.70544333014113
56.49904482092299
58.5676635046474
36.55944684658007
35.94084367966932
48.00909989439736
36.45102220894988
35.72939500023876
36.46093413922155
53.05349781233267
76.48859675171985
52.911618987000026
54.88118304300013
53.196828454616714
65.49944537814466
42.99726788923523
75.5540843349399
163.8014205028739
42.86201523229994
99.0951841691021
87.35167084756797
57.38465011269194
64.63566143366297
36.275885942030925
36.81267363007674
38.2404500427508
146.13285420007182
43.42326597201733
43.84634827443507
64.9306016873464
71.52880272923609
49.36335274693183
36.30384039253903
36.30703802057395
41.07731976887022
58.12434548716057
52.3999180920102
42.021554865874585
41.829351351850086
36.56986127915055
47.64490489927416
50.128466906321954
37.493181712491946
47.820744092689175
77.21866143485735
40.37135666014055
41.1563557818419
42.90808535875524
39.01139080770338
37.22463325865842
226.56753492633138
57.65465878788487
47.9405220662599
36.03879431863835
47.710957000307204
67.31036413354482
37.46809236254698
125.8161267026209
47.51928209151911
47.10348123094784
135.83115463082333
38.871053039266265
173.31124406854389
45.75003023647303
139.9458786090952
54.32345361983075
60.835911750527785
48.43314606720664
46.84703019664169
48.238532893585344
46.83473602601472
45.295564487358654
43.98053195759102
54.9171165454388
48.23255776361056
36.2470072336806
37.29988827130773
35.763498638393386
43.06553019162945
36.18008395013588
56.24340223095232
70.86165547911894
41.922140341377734
46.5771165588244
61.16075511082542
59.447693477535424
95.50965686082912
143.6729077704287
55.818065538004504
66.46196743524781
76.74876129881902
41.11606728763604
35.412962640175415
42.68322703738372
59.00922390394908
69.06832183696405
41.08820237710647
49.147976663122584
53.31989850448116
36.39987439260978
48.75893249356984
50.564987192380514
98.93599033813368
77.6071615358903
40.46175345404199
45.25768108914991
39.77860192794709
49.759128338788614
88.1899172268014
53.36823269033259
36.788154205791315
70.68509060801625
84.03873154941952
36.2752691651783
75.58695968963748
73.09657053169134
47.213665665997915
54.5637804398876
72.19469184909184
57.672426558320744
55.64543852776066
39.01927471629102
36.553995911107414
50.15605067117977
75.81776095796495
217.37486864877582
64.48864737231997
54.15808465159751
215.8990707386774
149.57811387393653
53.66163795016708
37.72516400613287
111.89766884628484
82.29852969090474
144.63253287856782
37.10057889216626
38.120411539849286
227.69737044457128
67.94421592178122
45.19050569322571
135.8275050646946
69.81991702001224
220.00364892564798
36.38397794526047
36.70501791568388
55.13387985436505
85.38998038835979
45.82333826724027
63.851449285587194
50.69294240532109
52.24072894674281
54.42988149657917
50.7275251166659
88.62768774121986
117.31397226486406
53.168526329391916
104.71944585342668
50.385278271619455
60.15293834273949
98.21337926734107
49.48936328199127
50.467060179165635
61.17030481324299
36.579952137492086
55.63624763967581
74.83233266699683
39.19652150156658
153.39495988163566
70.89728595900253
207.77504119187216
108.69074669904057
41.50577169152571
115.41000864230999
37.337996464380254
105.16157196446548
109.4996065057444
148.89196626850665
152.84979656280484
74.88487088265485
243.1012811443041
89.64729106438978
84.03962781055478
211.5925688174074
108.72967411656803
79.44416082796903
42.27485791071808
141.49804112592363
200.79301687390299
126.06603796795032
41.18531514305417
36.38270533029152
165.0170752123769
486.96061171616583
40.3359838550996
91.30726797381746
43.893045692849896
57.3292235412643
116.13926978163687
165.43820667892552
178.18828227129768
39.677841746148694
76.15878992309248
64.11887929446489
295.3306727529679
254.5976578518497
81.4318290589501
212.92225050176248
39.13663334772328
35.53608892173255
36.10365774398503
87.44169114079851
98.46312067786761
378.381426440359
79.87262681778087
41.85851038156582
77.25973631458317
39.65771718451081
151.18860371262952
150.31219834079883
343.3463711105059
117.93010604761547
208.61185668891673
288.9363621233414
371.7583492100601
449.4150821289055
241.1815481158065
41.385817333634634
200.05030110633794
167.17384091350283
198.53062785715437
256.52417046640323
181.463099857401
45.11025044162372
63.08805757147767
211.68509902695212
44.11882660527168
67.77322129930931
139.88213852379891
132.9898833007103
73.47681783772454
37.00620512084125
93.64123723853447
150.41409546823022
143.85099485644696
176.20810857811705
142.55654231145326
187.10076206450816
79.48868287350942
240.77571996588847
283.4134342960804
282.66075574464446
357.60248813264354
64.49128177662904
138.4366710195293
240.0467846881793
77.18475442361516
296.97211511898365
263.0416447051623
162.63752799322822
200.73802666134148
73.28645937715478
90.22551369006491
93.89941353572435
473.5395063802168
212.82599596707266
124.03812352066821
46.94541490677147
35.32427455121827
140.06814988589565
432.18797797735135
53.484962402093885
333.4786351001863
169.05091485265078
133.27876703030424
84.18676038713078
428.3138882912731
191.27806177443648
85.37966838885997
192.35142256150445
35.338792966201495
35.940990775772455
303.14888341396005
176.79311964175292
37.37009099569445
44.497094104168916
109.97492462437746
41.046923501179876
46.710171146056176
173.49508933957878
241.4242862329377
448.38450921568545
239.7264296814298
249.33597979713392
228.2941786067413
213.8346058524976
238.39543262090248
126.5698082666185
355.0194170439081
328.1348120586549
125.81867410882407
32.6340524807495
54.35574299675139
271.00490483918287
43.12330265170871
236.05839008070305
105.68758191052767
42.293231881321425
77.21016284716644
132.8209881243044
189.54708307452884
347.3337500338624
83.19101532443344
35.58132442045664
246.4006537953058
230.92733599506616
186.55122254557548
64.7667006827507
212.41268033894178
100.47217007289915
194.97962661414755
51.685594379633365
154.9581949689289
208.86296418488072
372.4746689070327
152.6173092402474
408.4592540675887
211.983744012201
191.17464750083462
330.8376472076288
114.62052976207994
320.9855496222558
257.2182121058357
40.86150356433459
71.48008167821445
160.2700030328787
145.43701145686902
266.035303796341
106.08850783606971
142.77692701890274
70.9724076994994
121.0160418716617
114.73519822412032
37.3699218239514
201.9068784121101
134.41370307320875
86.23626450074993
127.15123936340635
56.88339237572936
154.16458781901105
177.9688015184939
190.05568695208808
56.884921146024354
157.05864017135073
45.63189469548507
71.32682895040452
248.47094575319406
162.5361472661045
217.90622750781495
158.91046130246468
38.51071643294018
59.69262524660791
147.38916685225718
208.8319482002968
481.79504313081173
158.6419575945762
253.134318225546
36.92277118937649
44.842616524612495
42.261425976458014
442.7801573763315
120.46483033553162
212.4787584184649
312.71026644954605
175.34363855992282
289.499169527866
203.08486612151208
39.463413573261455
46.61012935611157
134.10087406715215
232.82664227461683
327.3075738189503
386.068439101074
80.1918058460584
42.30977614047206
42.874163639404706
101.87988097620173
89.70439846548972
323.9452468215799
407.38414449558155
129.97347048894775
155.75253534946293
111.12386278842794
132.26567119378922
151.7386086741542
274.1360612523538
132.86312104859044
107.25675277524137
215.65780095418606
36.18962620062101
210.01967552438276
268.6738586729109
262.6790699829445
179.384429994064
188.44975886554843
169.23903606641923
75.49666211150058
199.0524537285397
177.68731599247016
180.30481961768805
130.6345892805751
197.4446670367216
99.31829271568856
151.5501612944799
114.49845429897559
66.69182065751069
253.12016761631654
153.2826141593428
131.28183087524278
164.8563580908856
144.66660869137255
106.41251706033754
151.92369865563455
146.14680037284916
64.80474948375556
77.7661334919938
65.10043759165522
74.58550178888746
78.39585299213292
72.77792550327618
199.30523437467482
171.6257253870682
54.7474216764157
219.15324058205186
65.38627922769199
50.80608092147982
39.456335282862284
71.39098215149458
66.73684605190563
60.88853354429239
78.08736420894445
99.18998345132934
143.98779378127753
236.88020121068422
154.56098299926708
140.24932750873725
108.30165558076106
126.10495664880031
194.13286446428097
152.26491113462836
173.76546570707356
182.64038661738283
123.26375496845272
111.25908673416559
61.064203126848774
224.9643118328077
58.070008299127906
65.91460625503707
97.57508804111608
258.05675140905504
115.48662935834354
118.92382164264316
265.4420014377965
207.45811208352737
231.53165200969477
183.75778952944805
120.25735985628276
231.024514094367
271.69032363262517
214.65031828986562
92.49598279829343
258.6849568605525
239.8739442128533
257.76455373321505
201.1337332463497
186.88691359785085
193.52497796336388
474.93960962917276
388.7893477798006
411.3223340306923
327.691889137047
254.19734379343026
279.47213802671394
248.36115881364918
207.0690387305693
148.21696164403156
211.59125596721265
156.69980973775392
233.13771282670228
56.484135353681054
165.70086281968557
435.7592471117833
423.371285482809
151.94368650491433
243.8644814574931
374.07918922225093
53.388277121282314
105.37111961497037
451.1704890979782
263.6838233193021
310.99030596361865
428.34920455854973
265.4530697904366
270.9247517118163
296.44935979203126
344.1710435680816
104.04715525388795
195.17479753485978
312.7096638867022
319.08875186503394
216.5567198761473
140.27906517918183
63.866632800203014
395.03709795494234
159.486898957604
88.37769576881178
268.7902904270743
201.9238312532945
103.91451849626006
68.00354569999702
143.75495525930387
317.756004924431
410.68021736273755
134.39863502957903
176.4343350295734
376.793968391188
319.35193932015096
207.6836651840786
107.22732247611103
237.50354781783525
209.6622694882878
40.997058128406174
318.8079913943843
438.1500044782039
474.5452019752807
491.0337535532727
254.47090668562421
354.7010162398867
389.659094833441
412.0664749506633
135.24234594559292
335.07975739294193
94.44270434095634
265.75418987835843
375.06329968679
102.0714975317245
208.9127179483711
306.0098402186869
211.75201680455285
442.99795860107116
215.176469836857
336.7023657748116
399.4299755236101
167.4659640429789
216.94558240582083
222.55509273075154
279.41150394496697
194.3835662067623
204.45042719943987
288.5714386393044
334.3860678200463
301.49657968312397
295.1956874256462
233.34282906242788
273.11371041939765
241.54742233433652
178.09631063314615
259.08369126328984
216.86096672951436
264.0494672772326
177.5967385789666
163.496999547146
148.87570940474762
51.62566519063432
212.32233767651292
332.6784385778207
256.9259983613299
238.7882598384142
231.26844199603053
129.87836346657716
277.53548287540764
141.0385820910292
107.2677042989978
201.73221765282096
412.84887009624305
281.6220554644772
188.3810436903831
271.53217594916623
216.38319062373955
307.1550934431621
147.63005084958766
287.26308797280444
312.23269704143286
286.5262572326346
280.8002292897539
416.3788761777314
255.99175567982954
454.6621384723809
418.11857461929765
255.8854345464142
144.32485709905941
336.9452127457657
284.3904718716223
203.3276948361758
248.20438933597592
184.47324072870072
186.00452643819878
430.27121960182524
130.08268332261406
286.22084700494935
426.54486762698383
142.91419681679108
214.79300339143933
418.73516071858506
340.8341932274932
244.3057088418137
239.79999972217934
439.6415012455022
172.8230429960872
253.3142815385407
355.4848457494448
479.1258101869395
257.9234415432942
316.1841960459656
213.4904096665571
343.23561947001593
309.8563444139642
422.91935738436774
290.244898233062
342.9610067847328
460.1259294816418
315.0784770302964
159.02874749161728
195.6185640551865
138.87962840738209
274.1466267164937
261.15014355805886
327.0415380805382
238.8858057436494
398.957577674002
309.91261131945737
342.84630286257504
281.71781703567495
247.46628990202598
248.96399165660222
343.81155347280765
360.3012863061047
474.8354111917471
266.9768123970337
212.9981938832024
439.1281090770097
190.6723526491926
360.8930626684404
224.42459130136842
257.9403123087276
296.0741312823517
323.1110809437494
231.98220933049345
137.9588985946395
330.504114835558
275.45003325170035
411.7559798547029
215.67937010032097
201.04496729248658
239.32982852793168
224.50433549924688
225.9939341435534
307.8856258769062
275.2365209730731
296.3251000544891
371.1600146381653
410.3138066335012
201.9491119308811
233.95302899500757
323.4315746618015
212.81816144168133
268.1331036486935
288.99275055610315
267.31195192881097
210.35233178026292
201.32635127726516
276.1142214486422
494.65480640797267
481.7007700711358
261.1225425278024
286.6635295576185
441.42729717592033
137.88856813120037
483.00018830981895
239.80755438410236
144.6075433001833
152.43175396755865
188.74814397989462
254.82962873516098
248.1954134111566
211.94142468174982
384.49277001173834
70.16032505807685
61.64719499730791
45.77329869623284
36.028392252012154
48.40285199768913
103.22987560668592
40.30512036092057
38.904606437519604
39.48111275089042
39.60704092323624
63.045529440729624
234.91287239458552
39.45557886247841
37.126241883603626
36.300354890610706
37.265603084126234
37.56804474677227
28.51514433129586
36.18540440579116
36.5247220568786
36.574782476904
35.34159480347692
36.67981388935973
38.969418583245584
37.53112679377917
39.71266239578349
39.367675326034636
38.69971391685036
141.08709280403617
142.59880951845202
136.95135130991746
136.54201263586339
137.143214826505705
137.468093047489305
138.55072060667724
139.01117632358019
141.20716325045109
43.599409516770464
37.570900795970296
38.48179573581616
38.630103008221504
37.19011497680505
36.97614766313451
37.977128934778015
47.123546363643506
336.69342866569013
178.6757032782814
37.907144102535746
36.67222103622177
36.301717719363495
36.88464190805271
35.556541240190526
35.477963437729045
238.635937710130825
237.84845664041225
237.46494614564719
36.140325276111945
36.72446560760064
39.829541844365146
38.83870376045799
39.16203224551041
41.58287024611581
47.40712510279357
143.762350556625584
140.808093900988624
140.09001263134847
139.03818551806136
139.15185838530254
37.5486563648999
37.14648220664191
36.10661598243022
36.40715500397145
35.56748454994807
36.92218901278683
137.080404630508994
36.630954879943815
36.551819289690314
35.79066320198147
36.97905271221238
36.978870169322946
36.316506011538415
36.66472689817821
136.25145884761717
137.07829545069383
137.43044265954511
36.85692890005607
37.1147781238023
39.46019138726368
38.5746385362291
37.70540213180074
36.49401445681437
35.74022982183298
86.82232265132563
186.27041082932509
186.34648792589329
135.72745928813929
136.50073625468477
167.66943001829392
167.767639429327104
137.22490024472899
147.25075278455724
137.39119902551644
157.01283987689261
54.817187830617875
56.36034660269799
237.173160948798454
37.08348726354464
37.24570960733297
37.141184351883894
47.31987520144384
46.47811306751527
147.659526272725664
138.46649389599803
137.08679138594814
176.04370298355198
175.85633104341141
175.601759140470435
174.582035594079045
135.55684455548371
135.70318623466746
196.852073981336055
197.64384395726355
197.12042374123219
95.64530427478228
95.811609419968676
96.56049741037553
37.45606888981777
37.19686820134217
36.646916471141054
35.33102196435564
36.18924702940443
36.281856961336466
36.03993179530392
37.186154099225725
36.982373155801554
35.08456088120072
36.564790819605264
35.278320788085544
37.25182608697696
36.894597414349604
35.334845521465475
36.09511423470854
36.45382427653125
36.41964599054074
35.99946718092253
35.39058651412178
35.84943971313877
37.208681499336606
36.80459306658414
39.7781816765386
36.9625573296484
37.076936384963204
36.300396952455195
35.19309882523616
35.614676148843245
35.06726333110357
36.998394644262
36.239844831479026
36.92295073375463
37.14276916697028
58.62311277860977
56.513626239939356
56.83017056469474
56.53605694088064
55.81720583036797
36.908545931723395
37.40595081650701
44.80514905948072
46.65371372712681
45.96700860908986
36.162087008597105
36.33407603602476
66.49422721159783
67.45718196607743
66.787160763884664
66.46672209027667
36.66809778992568
37.16228299819084
96.015006086068755
76.19161032737827
75.07547502156309
76.56625107973193
77.0643175277567
95.8401791338229
96.699094462105315
96.87651007972674
96.824186838362
96.25383804034223
96.55582968066071
36.325281645644516
37.30153964247698
36.355046286858666
135.52775600368122
135.866036873082344
136.273936164265685
136.944850626286595
135.26035981632105
136.19460315609363
137.032594968146675
136.577560354667234
136.11809558690255
35.73047419461872
36.803338156819876
36.99536474066362
36.73602868519431
89.338004871316166
86.66838595089634
85.08376976765153
87.33219793342209
36.56876694711873
66.68863578906427
66.565469403838506
66.2430592857442
36.979706389979924
137.610165169865944
136.92022290476552
137.097609678147265
135.913795414523214
135.96436163853875
136.22131151942368
145.822420638545466
146.13594117309814
146.07869506761752
146.08470113499544
145.8877033175186
176.85795204309807
175.92390063258371
175.1292020730279
176.59663931799715
195.54004822942537
196.589173149703925
196.23233124614256
197.42916732030948
136.19079333445202
35.43540265514559
36.341388825339465
35.59122625277893
35.88239339899223
35.4149663606832
36.82846775813331
37.273335227069055
36.53363383424801
47.163298372986056
46.077701196131905
46.763266409147384
46.225529987158424
46.218448140452885
45.83510167622723
45.412134246450876
75.92297255796632
77.199504773534116
77.00380373326399
76.32615906235684
76.47878111551775
77.113447552361784
76.7748584791445
75.70437109478972
74.72696625838286
76.58538651388594
77.13107272933953
36.71260809446743
36.324572819182364
37.1536128451581
38.71576225478047
36.92382139355012
37.41898696458063
136.35500226255258
145.56175910563236
145.321781590411504
135.41051152467469
177.04453066749885
177.03157135611218
176.24989559283252
177.4159822152756
136.24615674009843
136.74322741248041
135.372788289374874
135.542604430804396
136.86186436157317
135.33851023580136
137.02356149379473
196.39054660670426
197.474312766860095
197.276411962526744
197.210834027977114
197.04110382127501
137.22007178323645
139.11305560795532
137.34362738733298
137.20651226761735
138.609427265220894
137.70704489001413
136.81394624473467
137.026653146516544
136.214018132083275
137.18058253495686
137.23943869321892
36.622557210789026
36.557069955783035
36.01798275837916
36.540320518304036
37.12967299879996
38.30926301250569
38.88407830369521
38.296362142974054
138.72347863705637
137.31123532915727
136.37057789248625
138.97003364015083
136.39871257722948
137.19823462165541
137.007477771234726
137.34203181886598
136.32593610333624
198.897242139340673
37.07228552427657
55.93123583277453
56.06653138704404
55.75984903784923
56.520779991350864
56.08887729611231
35.29247663879634
36.26345327015414
36.75214775219466
35.91382069795289
36.47067878651782
35.996728189133044
36.28440550422924
45.94914995579265
48.997630109508925
46.01766820658971
47.020597241771064
46.96322617703249
46.31279939628969
77.71339197106535
76.03297830762591
76.50524287899723
76.40595905896073
76.18924696755345
76.95225883742749
36.467607720393275
36.83511665499588
36.37088074799152
37.402096249726064
34.54414705603491
36.70959996297686
36.74351216206007
35.34943241606437
36.36342974177137
35.90773007113664
35.55417953655865
47.42443242807212
47.49701059753064
47.76335801911544
45.834864124234414
37.2876252382638
37.67303210246882
36.82494649191691
36.72616899450888
56.285243244039435
57.79360866516044
56.133685118269284
37.12306374374693
37.09251905624658
47.17749789655587
47.37065929886716
48.35777679050148
46.78858987769553
36.50568696159372
36.28814896190271
36.11914424055525
37.199091492707645
65.54225966340747
67.29827404862497
65.00772626035631
66.62734094466512
36.186038463631164
36.42345116285636
36.277197529361814
36.29911990226685
96.56382829590378
97.42798350740971
96.49243669198476
97.058529901680814
97.228219321944096
96.07361794168759
36.784195833179105
36.65945171855759
37.007668739749924
36.65320733830461
37.397627411063496
37.310138986804326
37.336588611709956
137.808877038423624
139.68642877948694
139.33021108190509
36.41477858271436
36.51096234309018
36.02942322836677
37.002184569658574
37.226189591746305
37.34488376143572
217.158247968106124
217.08729558226616
116.28144795203683
218.412600131901065
37.5398879977094
40.30918230372976
38.33656467177146
97.67420642723326
96.88487820967982
96.17040890191935
96.475118942212454
35.87774235431821
36.09363857161447
45.63988127286113
46.51809646069513
36.54036828951331
36.43354116654043
36.28031289658773
36.944222401515276
37.48744885271423
36.99322882084908
37.62786060598603
36.987266200791225
37.22099392680332
87.113603889108234
86.85966306217107
86.20765824505478
87.26022239838111
35.64490881342642
37.05636893120367
36.692898510265046
36.79954215028329
37.00311468368858
37.152142110940034
38.44350741473777
38.69000501857923
36.837472549448535
136.51326022464041
137.63119079226549
135.863536540207114
136.811264248702265
156.971135612372095
56.53327830534109
36.88897070532204
37.25266543519955
38.02441511558963
36.24863106788645
37.4828208132003
45.71383280160599
45.09831950870306
47.04978239745472
37.290406989429364
37.63684466334273
39.26658532677062
37.4412604311718
37.54489825310399
37.54153226177765
38.77550026506954
97.78937111013943
97.87245583486375
98.71529203186688
93.743464346522394
139.686914279227096
142.03114216431212
172.07293615884285
184.13909910473961
293.37533307387991
102.54827797402274
252.68832045148136
89.699869269315
104.63287840336042
92.30187301113637
164.8093145193991
125.63106590563099
128.98646573727845
145.85412697445156
126.14594004427319
138.85709855049882
118.08426334110425
117.98308746558878
119.77690970025476
114.53539955994341
101.92752371712326
85.34275545275598
119.26285387982797
124.23786212584287
96.68137942318103
118.03741564516403
120.57026795828361
112.9301417647204
201.40777064467754
207.49141512661002
123.95471863802767
157.5172042729415
109.35443252389797
117.48360477450817
151.770314640154
146.22881387087276
191.4492935497104
118.1670251296119
299.9619277510175
260.87022480853784
369.11734218059144
318.9751174507841
144.50640013595574
301.3714166678588
217.74028393665125
165.55076171338837
278.81898028750174
281.79293266607465
252.6645241728993
273.4223243913013
297.79993513825366
244.59283036306203
278.5386393708413
556.4615858377202
322.7930954711513
259.5041421869997
374.71044514871056
288.87180224457234
488.04982748786585
345.0724866138961
497.290893909323
418.31757322707205
230.4357831901424
532.1270416313274
224.3848780485407
322.37555560767714
293.7300417456448
294.5166457804273
315.489956241062
356.77736278369525
303.66228708061294
268.8873251889815
315.6077018255004
260.84460814433334
302.3572525828744
339.93647489055985
232.2311885369681
280.1887468924924
214.7630301504338
209.83044987739385
247.27097780665824
228.75378278078645
195.3998817983546
177.74251391367946
247.39442093834518
216.89918319368832
261.84297678258156
217.51248751430654
295.88827701298675
223.96039458338345
460.0737899679611
224.62063135411816
240.91228373034488
196.43554687310012
253.963144837348
529.4792935978031
204.4465937193133
489.932726564962
245.0405386659363
145.738809504495
389.3004334945391
469.6988912409204
540.5982985283929
308.63392629817986
240.9952013904098
230.94845304098772
262.625199265946
36.012619675655344
35.89331447147987
35.247457180064565
35.920729534159165
35.26931386433719
36.021189340726735
36.257208001567705
36.69702385410569
36.16708680039261
36.15623451857581
36.28527636285174
37.227475383716246
36.17986354323999
36.111400675629646
35.8663834603716
37.09563596864529
36.63759826537079
37.09196645074874
36.3678728882603
35.890754306244645
35.34989898943075
36.231946459339056
36.72880881672843
36.13323041038937
36.60003932433024
36.50129859435978
36.42703404458419
35.97472684052031
36.2158644197695
36.738174633868184
37.140871450019155
36.22906229762438
34.98162770005396
36.16220816596785
37.24180671077211
28.440090006820594
37.04206511260958
35.629171552760845
36.077830933394424
36.55053980871098
37.06647317323636
34.60892590949328
35.48859330261989
36.733196179834756
35.74055476921304
34.17452540423369
35.52833494829237
35.38259621879133
44.71356342776426
77.57498808222526
95.43877968856383
140.80034230911548
151.1308984056913
144.59343322529142
339.17699761245103
169.8776141782912
137.76378874230264
134.63115896963507
84.68679218713716
125.38014809964781
124.37811972396067
90.6191618812431
128.0148355826018
159.7137658340685
92.16171263307183
127.07262774901461
59.285520537986265
86.28500577594914
81.26088534635592
117.0841311803174
73.50804009942958
70.39496878054311
86.86125785722403
54.070737486422004
51.093948765050555
47.757930191750354
50.954009051264606
51.53032507505047
46.06000146201171
46.306134040968594
46.79402346346633
46.82540782565135
48.98744863810083
47.66335862630265
45.21381383900357
51.693894988478945
46.20430442257315
51.384730096278794
69.74858924712896
134.92481684653384
86.88021712011826
80.13763702907478
93.34672580831469
87.41953581300439
115.44940213632228
92.05056355528694
81.58912409160754
115.45711257808321
95.44650318106036
106.11963740786695
93.12553186288315
80.38325570552553
85.83611230425296
120.81810792659721
99.3159592268787
109.2756880935906
101.61113510821733
108.434244322172
102.89018323871527
108.13973951044112
86.5117416094434
201.24972601636829
215.975973307419
207.65114385552684
210.52773597665501
202.59550894745318
202.9802726719295
202.02425326640088
208.31141536452715
237.9241895000211
129.0117527972842
136.6010708339788
117.01454053060415
126.727493637194
209.5736565187093
142.32499891750484
221.7904682680957
134.39084295520811
127.19352793363295
136.2209014467165
376.03788650199365
159.2011483591685
355.7604877343287
220.17480153604617
393.13074220994446
434.231998594361
385.66901005793613
597.3332872717775
441.9801207135779
259.0608641668708
376.1498650579909
392.7862168606611
451.1196127339639
443.5191331217793
400.20297170890586
497.43528825540454
205.7270177702298
222.394513281082
409.4645069913902
488.4342663826947
429.504994363863
486.7164361833452
451.5485362419565
316.6674405817296
395.10655547998476
316.47783849594094
419.64859779938723
239.9018577715135
258.724910096383
378.5057720692842
281.7644546060612
403.34635804693994
505.20966311664625
488.49132801310327
388.0692561201847
146.259918608494
437.28832116576444
427.46635791700174
398.17200186425663
277.7167819446555
475.05373428786487
189.50361209382163
196.92048836328502
218.08530441462733
206.7651203571454
272.2553378599973
331.61787164740855
192.18904279479125
99.55812771260813
166.39457765422583
78.48063581622668
109.54597812614394
100.80576518388118
133.21811963547373
108.56095325284909
93.29369921617726
67.85718874365718
71.70410681404461
132.1284399344435
97.30642231136754
75.1024902342146
78.53342522270833
85.5319136104179
154.008066008434
207.85744875669602
340.7831679208716
260.80582704243557
326.41838764029194
211.93155246066928
233.26243313871976
260.50342561859486
261.681517575417
273.69175422452696
274.5595025288902
335.0159440787616
273.7380589573194
384.33128865805025
321.9448900841831
329.0749373688651
294.6027709089409
281.09999668006196
547.6593041081011
473.1893469195946
235.416252558356
566.3678211747492
330.5564275060743
380.2908280449167
503.95782122130754
465.324950519231
517.5063043075163
506.32636228759617
143.321331034811
393.0179366290326
155.011415039973
299.3574995201157
300.9393822283512
267.8315892899768
334.35950212621
588.6846256776564
550.7915515913281
255.032275176624
157.9542014205022
313.013973400061
299.0083005503357
419.0924516777263
188.799862263254
305.5867366577768
399.635746996021
247.4132245398655
295.4663326396983
350.2015565279048
276.1142678129796
409.50594064764425
280.7171044589021
562.8416299027984
586.3236384366162
274.1860606710318
580.4164050672766
477.24536183995605
303.28606715713806
300.23344296014074
279.92470256786856
300.6056777240958
313.78173795061105
309.18859060122776
490.3018515932678
156.2805963541375
264.414478971871
540.8462794466551
224.7941419701297
420.577744543951
296.8574489576486
386.6674061111485
336.5300357436239
368.1262241027478
325.45590679096955
359.88196990786133
343.307824327315
256.1232591092803
501.18507110984524
422.81811617410875
534.3900459701074
274.2601190946423
549.4839271310527
338.0887013041042
467.130819536111
216.6811657109944
389.1026900340088
472.9135000684748
405.4436178778589
304.6888425125122
295.3678161361703
263.8710405385325
262.73807430851764
175.172340057361
392.1894827931901
477.69315731547704
352.0603030505993
209.90539052574937
165.63521163373753
171.36638143815776
287.0960387440257
398.0926545489507
358.649583789258
302.52007341768393
285.1741003827825
391.06604953898506
468.26489332443106
348.835847548642
343.2714674546729
349.5076646881158
453.4324319740175
326.4859789131396
306.35899551588324
578.5370300087893
342.715821479948
284.6277027320019
339.6784885721006
306.6232851536217
254.16639407734692
334.632317681261
312.5412050244633
494.5943719470439
500.5981826199833
405.47902708979456
185.3628297991072
452.5571755728711
467.49810563894636
356.60345823882665
397.30028140803876
405.4999698653148
127.2894080809551
401.90951590400715
263.0506948201789
299.6263493554117
335.6415172162924
405.12705869526906
383.7396108549726
384.376959570532
299.7886688088489
421.2694213402785
300.9962232827731
332.91066658568917
319.76596470319026
229.9508218313373
450.7582956882505
571.334604406184
405.0415745512001
511.10058410231255
458.3890049464859
419.6424596012822
374.5915269833057
173.7466360551425
232.9062201932126
579.3495653316912
442.4048512642934
254.8923635325143
239.11716059336
493.2386379435891
587.9397312790105
175.4326012754264
200.74607589805208
225.84941564060873
201.36493974856046
210.84167053990652
435.50083051577514
404.9668039028542
368.3721646883824
238.9118118450987
214.30076297750466
280.57533248357808
253.95476454128863
252.48951676915655
376.8483760350166
290.5144708875617
489.41858939992954
304.00825249575536
293.49897146612705
297.854872837017
246.3432049694125
216.4722655736587
549.474809640369
272.758944840031
282.60027316012247
500.760079064334
302.1312882443026
211.925058223976
333.7429481649783
277.173283718239
378.0152425978733
393.0471776664411
575.7119441633904
361.8438235592759
340.3912248882674
317.6240347927765
202.7225289412254
250.88658675948744
211.00074602972606
329.68042498849223
210.22252488726471
293.19327053776144
296.26959676521774
464.70745887412372
268.512785848256
310.339748655113
267.9331880800334
398.9270185378508
358.32594516584635
377.0496770019623
316.9067132070879
392.5800995530695
502.6642944638346
260.94126057380294
567.321056630647
365.2871185064631
276.98930080502646
252.47858210929152
370.40201582060666
302.18643110816083
224.25428685712532
240.23106925340605
363.10191734429932
292.94942123358373
433.9351424894819
242.8338005965214
244.4788836984379
324.40715317967806
293.6138051331265
480.93075025005726
275.6303361291572
275.68340663073843
384.85876552805388
238.82388757261407
224.1982398759737
287.22802293979257
368.98739546792356
288.85830061424804
235.75268203345914
240.49540372473572
298.959075889582
312.6761988929532
425.0220955047419
503.9088562783907
433.1343573133059
346.8754445143236
275.76765867339304
476.6958848957872
386.1311202257838
325.2863061167869
258.1134736753584
301.1866667297634
255.29838363717434
203.26515095540046
255.6734582615104
347.2616109773223
230.0938401326637
262.9880992408769
391.1386825048893
297.4599881059842
201.683575883607
549.8027004770812
292.5213560732297
414.4216311052746
258.7709632367902
455.962101615687
241.8424884397452
210.7507763611507
267.9282879701752
295.859969067336
223.499141608754
236.135837519909
396.0497823421424
308.3360800711894
227.1929893423408
238.2352688015576
562.7511598770543
222.8634862135137
254.6269080795762
311.45334252528164
285.8771245370226
226.03193318359894
217.97860498326557
274.63615279374443
322.63575621583624
488.07865880256537
268.2528320786384
410.89070764701836
490.7931717288233
225.9331049413881
481.7042918655841
308.11983473270882
336.935825683089526
337.52327149167625
337.09686359392926
338.87333573501666
337.86764940432555
339.08260148056872
238.9269436413826
225.16015182816074
352.93781210400626
295.82017510097762
283.09600166369202
283.60940316945255
461.11654719402569
411.55973006103022
440.52155609894209
475.69638867335337
453.24176821910882
461.69958235077175
461.24478829123697
452.3216133260136
444.22857102579206
461.25520295471748
450.53325984814882
468.25447993296407
466.68789526149573
460.17594000646721
451.07756348321698
