~~~~~ Start of results:
-7.1679991037778255
-10.559273383623813
-47.30855014329062
-12.481487822412184
-12.192163744907687
-13.281578747543858
-14.614508431063303
-13.429762642131202
-7.75123656753653
-6.019897092003362
-8.056180424540006
-3.1667106585225597
-1.869350301090634
-4.378980654787837
-2.959196393608285
-0.4993352768440024
-3.095776471631435
-1.9463817125542735
-3.1077357230170115
-10.74229099836472
-5.198189222644526
-2.233205489415382
-4.938741083005016
-7.95264895405488
-6.301354455021475
-8.364751971955968
-6.548326885357502
-4.2271854038435155
-4.938210654887896
-7.264272961654049
-8.803609927832527
-12.786642342997883
-8.493300574227318
-7.488066725902409
-9.407097260320416
-11.8136170719092
-4.812082649245696
-6.343861719921059
-8.670281304356083
-8.793672715711532
-9.550842982935372
-10.987107337079552
-7.614633122062097
-6.807234691580019
-6.868623454192255
-5.637313339940318
-8.704814122505883
-8.025352868914329
-9.805149704833784
-9.23299761684527
-8.79403098504448
-11.510290182716549
-11.614711566749307
-11.021663969897142
-10.735174997577142
-9.82403813723209
-9.627655669339266
-11.58352136216697
-10.476742824621422
-5.202719892883124
-13.076185970061392
-10.243448238043655
-8.551751433339563
-3.985162721716401
-11.224923357479696
-9.887316394870766
-9.738969590490152
-8.814056579185811
-6.437780647784084
-10.543955716430727
-12.701579692567874
-9.507815545006624
-12.100509071686094
-12.085964530130974
-9.406374878641758
-11.497467325905355
-8.750000022922332
-10.67372591408878
-9.20880747865245
-6.0211920943522586
-9.423591720423937
-7.73304946073488
-8.569121894673769
-10.816809696656115
-10.42331636301918
-9.949871848911197
-10.121653983448578
-9.240955230444063
-9.726213077152263
-10.34298892896205
-11.600784849328935
-10.328390287231661
-10.742207208678915
-12.691588929572431
-11.22146688389694
-11.37641812485965
-12.544078773205843
-13.25533848032032
-15.21073846135443
-15.020901238856748
~~~~~ End of results.
~~~~~ Start of results:
-35.64756672341034
-10.856958752274764
-8.523067878020179
-3.9793783158787996
-9.010960741528393
-12.500352053598599
-10.614501451176128
-11.791751377418931
-13.091225630437878
-12.355024814972039
-13.635304496962702
-12.903287198576262
-11.891950197698815
-12.86554892494998
-11.418099811833079
-12.203516122259394
-11.534220211047538
-3.142057318616778
-2.455995050144465
-10.502892830253485
-8.944301724995611
-13.801965163026985
-12.63487908614761
-13.128380525163482
-12.655364277524761
-11.474764994131553
-12.312314106439146
-13.45423490191571
-11.685992787273502
-13.725476040332845
-10.428958968388503
-9.791712587078147
-9.894825013156305
-9.864306550188598
-11.751287389945414
-13.068839484104732
-13.174527165862482
-11.898659292934308
-14.114337984673842
-12.842863651735843
-13.200255607523415
-12.24314037055453
-12.830684817993028
-12.086372278074766
-13.576123360612712
-7.763014343087872
-12.830252204117553
-13.309557013199171
-11.797547238344153
-10.939319648239444
-7.774960808660721
-8.590593179977931
-7.503274970984479
-9.774319083567306
-7.624600674049201
-6.302743454083502
-3.031793533514374
-6.3265116910082515
-3.773563664051098
-4.3698986489814144
-7.4956163640487015
-6.139066092804001
-7.557587299018124
-5.619959819964491
-8.562374777853071
-7.485803395656066
-7.378640604169885
-8.823206006356186
-7.620220756305922
-7.344215565442759
-8.227049883285977
-4.598698028200107
-8.217660367972286
-5.022788226791252
-8.269397766212762
-7.38739293812101
-10.28625606516578
-4.5061487500843205
-5.690835580598525
-8.563942907347267
-10.573143856138278
-5.752460759730131
-8.04990081395478
-7.394605709689253
-8.359812086997762
-3.6305807428488586
-6.534267984718978
-6.17268002994316
-5.335833058869389
-7.434146818699087
-4.2983368371413775
-7.655584384860817
-4.314903188350194
-6.387309755551607
-9.472053247126889
-7.152246714258892
-3.8844495372171868
-6.4934091043396105
-6.6802276256160775
-5.305455986788405
~~~~~ End of results.
