0.26785463995313297
5.666996004716523
0.820119164553569
54.9691718805513
7.93316887655099
18.998411077686836
17.43165754121209
41.10109505836922
7.934279965642686
8.482467559508823
6.533779232708101
30.652551084912325
18.652929129178034
15.717315748958937
8.140493859679264
16.826748782337212
-0.6856322028797255
1.6029701646293146
10.32111394657117
24.755363388717594
-0.8913107701779142
11.176553125187692
2.378209738071429
-2.730944459652899
-3.2014693142460264
2.7136332382781605
12.54822332374665
5.75389946598641
-2.619083319114508
-5.998979270766572
-7.148212227641805
10.827531090287202
16.672034892642053
8.182260001488066
-3.7551960699519746
9.419084180840573
11.39745141200451
2.690938602534829
16.831600990051157
16.897559311111984
7.092158427055676
10.554224745008769
2.0960836053360667
-7.116012576935939
11.611219420355306
7.244135087251461
-2.411344457492498
-6.181074483159389
20.56083991535055
13.314316448133958
13.881454726936825
6.078242524696121
2.6327726691468847
-9.018431350081254
13.291956264161232
6.1291296714405
22.98269914505528
12.25927057164115
-4.654400080896945
9.202630807891858
9.382228109124663
35.29515314275058
23.376511310617378
11.751719532436196
9.596450056405164
0.08814468501362294
9.299155818655494
4.19041852894571
5.319506604132483
9.204939303376984
12.408702456479569
5.607204360201353
10.841040851016341
-8.543941893552423
14.943840105550368
12.732676186860333
16.106745993464035
-6.103612645063674
18.80385554065315
9.196019909334801
35.09572705618128
7.329673166583115
22.76438964967851
8.157554335860691
12.72049866981113
10.790036198304328
14.31266539192985
6.225422997452177
9.49603976271269
8.956102722896759
9.660533998834026
14.010276875474833
35.88698270617929
14.512207210375278
11.349728954043128
7.056429130161495
10.26057787789235
11.449637193812249
10.791343074332943
19.304771782703487
19.68623134929745
9.386262327938624
11.097973755401732
8.800153270913025
10.625737541967707
11.742326189901242
7.644557009768139
11.093270738595034
14.262879034881163
8.730023856813183
21.67258218217687
10.058700250062914
7.629051009115459
11.982882884508651
8.729084520227028
16.14821668727996
29.138607906414258
10.262322450575656
10.769043589789037
-1.6813750040237352
23.3945023138995
14.970488609058245
15.542064195810617
-2.360695320263533
14.972762310285688
7.554978425304078
31.9669331058128
11.782485909245892
10.014595790348714
13.243547444450861
21.71610280601317
11.761971897348129
13.492039024377378
7.931730030396455
10.863022652549015
11.21657845089199
5.533830429469555
9.098417231052737
11.451396035184976
7.664723652220814
9.655494384375961
13.02200042453558
11.828942655546074
8.61975958217478
7.553753690422096
13.5777772450481
13.161974475207824
10.768788982809896
12.830466836658177
9.156393761843932
10.533595834535337
28.56290212217843
10.103933950774962
0.8627332931740703
25.66289585888451
-9.047920032387653
11.977186212835095
7.095901237168539
10.76910754454555
4.734132421545839
12.928339085976749
-3.8768796351192534
6.220084095188744
5.41736481148848
8.707135208103853
-4.677920238018942
9.283054293949938
1.872912174349396
12.079535619557845
7.474142508560545
10.134730802674754
3.316080131997327
4.691994085252691
12.299432346607396
9.971722915471346
11.683254498444342
9.830490624252798
7.336661425453308
11.973210302519153
4.397221706733157
9.573677250066384
12.045123991055483
39.47663655174954
6.461411831633551
13.676928062695039
11.754357841964339
15.912914838655302
10.844261916981774
12.319013100714487
11.140920385068517
10.051959304997256
1.8883283749421298
18.613776472123448
14.277986633342412
10.396382297471044
11.316526684455734
11.106855253650588
9.660119917592642
10.125039990031187
4.667139846691306
10.276413854032578
2.229662672853574
11.446130178073073
12.441690488872053
27.908986134386222
-0.28383453563967986
23.964143921655854
1.8089950589260952
10.836835193854117
11.397909395554436
14.728278167679953
19.905389358837144
26.47396217804797
-6.866816579079323
11.21503049759007
7.3177892493600005
9.968966188700971
-0.8508441872361168
11.511837126991301
12.861885159273111
2.101741310009614
4.3634517795346035
33.61751554554472
11.440676829354121
13.854684209908235
5.451874174450493
11.79393169372899
7.370262443612319
-4.565058143704265
10.651185801934087
12.214895113109545
4.840746314741376
26.650059530653433
-0.2515495990722916
10.042622515133031
2.3305835022970944
6.6372144611535555
6.427948043490108
24.239396536063744
-7.414648836287318
42.020490031281824
6.596048904057421
-8.850951978061293
-0.7183178826915615
13.460479185511078
12.193758114365583
22.000514817978125
9.89024274070481
16.431221787790196
1.428071369523228
19.61830857296961
-2.860028129045685
-11.225346105250496
-1.3349002106508472
9.826467999736513
7.696943065341335
20.683047938142188
12.111228113279417
-2.4229030849083975
10.282257437016844
13.400345198779966
-0.49179663755821457
14.31571872675073
-2.588208178238789
0.41641746236720856
11.527791423007438
19.816625499969046
9.916038712716354
16.943952914227893
7.8536044231310225
15.136812219249453
5.293076662184344
16.595547607128815
18.16300331592339
21.313780632692204
-1.1899881808445407
15.318287373407994
-4.9003820928588055
7.45988076815733
-9.421344471939985
41.281168778311006
8.80594640569454
9.772917207770622
-12.573629049927266
21.04969053499483
12.758141303728193
9.154715696236055
-1.8769966138381888
-11.957523150802375
3.369826020542113
-8.50325541920368
7.636512869483745
-10.415388200509234
6.899578765087643
59.26214027986533
-4.373917683881491
0.49911526659946004
1.5574797443414896
31.021505625989956
-5.33218414516126
-2.3177206837702657
1.759608421789234
-7.64265001494595
9.950935950535719
6.970174823509631
6.453528503037697
5.527126637727876
1.1078061055397133
-11.459331300337317
7.415155245510255
-5.172314134518965
7.15794179729358
-9.094022070732688
9.239931467713085
8.85232899531989
11.918004155202718
11.986234924989429
10.066213283097305
11.198789946806494
-2.3842110079504604
-11.342520093663678
-6.782270841672034
14.369808651892143
5.750789550388868
12.917183249058285
2.3116273067163813
13.080760259298078
9.303490627866621
17.21312028124674
6.039620907437161
19.047665570562533
-1.8881945078031683
-1.9882434467559218
11.143568399833951
19.827823774846888
11.713266724944853
16.4033463921783
10.220247815389172
10.027259701511552
12.527172175491295
9.11064548810967
7.8289043401165355
40.675731183097284
8.632481518515121
31.905225560649196
10.917237326770165
10.992787461638343
10.432360963501214
33.52749091682093
5.463114648293494
10.576482969736377
6.980177909489245
12.445361247591748
6.491781403155778
15.377596979448988
-4.56415189077409
13.656047655619439
7.581718933502046
7.3281144084471315
-9.023351205628378
12.968722376767737
-4.193106550788281
7.581815573289068
8.31026516750982
3.6277761030959335
-0.5619956755109161
17.74482909579401
7.332123932996847
-9.449859159360878
2.61967104178379
41.527096708965665
8.55601568280004
9.537748427382304
9.533765149165294
-10.488349098518054
5.511318244929868
35.18175170724551
10.669355618796338
11.175370053924688
10.7375254740856
36.91392867051471
6.793817125061743
16.342404165818067
9.41720037686864
7.6795135298351624
8.629429960085055
29.319237797495976
17.767188569723928
42.21295470352679
11.8236086369446
48.625924766765934
5.2865056641808525
28.597636846447223
13.545131644563321
12.652726767117075
8.960205866812235
23.69300593887585
12.92827162905516
10.328209067328112
8.58540321552868
19.831779210142855
9.885599697419947
31.97920437725417
4.3208617907681734
25.12757980713614
5.63842054304899
8.151903270363196
-4.999141945276543
11.90371315765586
-8.75325976760181
31.52557218225435
-4.330720552102252
42.05370201895619
6.923699284792605
7.73593579617668
14.806884119368119
6.965346255967031
-7.69397632177246
25.313387734934818
11.069328085253701
45.82007521522516
6.546022193615338
32.43194227525009
6.91623409969228
16.81440866568149
-2.758426231677393
12.486098501434022
20.262622766496357
16.043244108521098
9.903867509257799
48.37918351850672
15.50072798269825
16.390351483362874
-2.536377035447991
23.77570324985171
10.88676967451554
50.42550635527852
8.394928962410384
8.117481960571785
2.460323290091628
27.58932550044945
12.575411701014763
23.982117127712527
11.76833368675324
43.7176440937043
9.61684422385699
11.193749177363426
8.800443678549147
10.616283318229225
13.266685761459478
7.830759025641932
13.265892272124601
9.76851067343645
12.00397203685301
49.42891485273426
9.130257543699914
10.96775431575677
8.831175628248971
19.78231116945759
-4.596762678419009
21.026836441396007
7.70931973647643
11.71472035065053
14.080049426006655
11.41833364207203
13.81517584108201
7.271922715881772
6.984504844901862
9.927643594269206
6.328976695476417
16.699675164976043
3.18135141148814
2.4956812274561035
9.132547486927077
38.74937885890841
1.3198731938041721
7.667458141901832
7.994491104289346
27.38368778237237
7.077581974300952
16.86167688596971
17.535811308437477
10.556182655553819
3.6964623539891788
74.6172307888154
-1.5098816530040287
65.21223907398904
-1.7657405802872104
36.36861837394482
8.231422804316656
23.079969590402516
2.03629094019423
14.697983857024623
-0.8721521972527215
23.64270612615674
28.2970730302444
11.109373000361707
5.225592875415805
24.539822585353182
9.22846890316928
17.15221969472674
5.141884976572128
54.62739334218203
0.5281038940751941
-1.1649127701382374
3.5480880849809817
17.751702539256588
9.770768944439531
29.577588040037966
7.086708768484122
39.0797753429368
5.06442251047093
33.915678201789405
9.71779974901628
4.676354385640156
-0.2589841025510706
11.961056957913861
5.280090710823833
43.776808141134616
3.513253905919295
28.764652793149075
-2.1360978321834283
25.831802654246946
-0.5947415031012668
17.43860608352729
2.1131617760307604
6.650512597578562
9.05965491535329
10.785542480263837
-5.7422270990185895
55.84858702939128
9.540117066591742
11.217670894330205
0.40031345228020854
30.303637166150285
8.928731885044625
9.547517348083055
7.615527612600768
4.765447592359207
3.317694444656559
73.91626963704182
10.854459116012942
51.7441816783148
4.876507271613313
11.910923125970307
11.342781787065615
10.695925270820965
13.210605136631663
13.605512784466853
4.016639015484371
73.86960655819395
12.578043318849426
22.246475469365592
8.29917820277017
47.05701772806953
7.9087531559267745
8.159018022318545
-1.3435806458058375
5.747838732973031
-5.931054767065041
16.620310322025755
6.934886073802015
10.943813209980004
2.4278366524740473
15.320636755215476
7.919030989273175
8.709591568472739
11.41642220051382
12.474094503357835
12.430101488283059
11.279790968139512
5.825930438258264
13.477943945566672
3.4302101224388517
12.302380201290951
14.34283365784012
15.642909569942876
-0.43981454763290095
10.97930533971044
10.198111658753689
21.840494770720557
-0.9347506758072566
14.242461459307519
7.034859448960307
-8.522961268187712
7.861201933259466
12.792089113642243
11.45535401224429
44.575410399650764
9.28017324433195
43.5241226255048
9.40617477498761
54.68887384243308
13.340184820102902
10.355020384902048
12.588870655555048
55.36639806045839
2.5324902518423693
51.89115119801227
10.076572719422341
29.18330778023486
8.265842163688038
13.796478687109229
8.530116029913975
17.02476255288203
10.22587477299912
11.768427497242804
5.580330009005116
42.78071327508702
5.241713779763868
23.875400072800996
9.444665564501989
9.174914311590443
-0.10220976762689382
17.232396026663423
6.488053341879017
26.716461683421116
14.456340493744182
10.472504545350075
4.113085134842289
17.609996571044352
9.26933773911992
38.253681322818544
8.405327818656938
32.6408436655647
12.249570832232154
27.89080899804095
9.313006992926685
27.023895686187892
-2.304397445299229
15.015783016865253
7.176779401006348
10.920849265502243
1.1736106164051159
14.15014182533308
7.431557453172129
46.569781692427505
16.495186135532244
9.639740644506764
5.279031788618005
23.92430782447712
14.435777721358132
39.99549119144357
-3.222201260743357
66.2010145634698
5.66940846499973
8.360125180218581
20.41472215141654
10.685578369376042
7.765688985736179
9.277675069154013
-0.9158638185273715
82.45710611488937
9.582613950593931
6.528802200532239
7.796265142649995
20.680929863492796
11.903646970737942
11.389925723447412
19.162091938765307
36.27716417973518
5.322416200113667
65.84487852773654
1.2680398784539708
35.68692599968525
13.324678959468688
1.1375967528074087
25.13028800807177
31.368817692268717
21.54053708491236
11.757200366530832
7.202252613510286
23.967588771145223
12.11106522179268
14.852993851933952
-1.1605095526768432
22.555669126641206
24.74407368313433
20.780818080254306
0.8188101946790134
22.551765915968474
9.74522410317558
29.25302802852577
6.802013761060289
41.58900059071267
8.836265239634665
-9.644503011910746
30.854064825305468
9.032874987551677
12.443532817866501
18.52104729885283
6.651196468301952
35.22747959125429
14.017366756619746
23.499313388659797
8.594996079309418
32.5196531616771
9.097403294692308
17.05714061365744
13.380599802387675
21.2962407722414
11.95773485399064
13.381473043222462
-6.655225578799038
37.84698919948462
9.296370571563891
2.867228392004745
0.060849050933023285
15.702844256262813
-2.0473229550008245
26.351090725088582
0.46410854247616307
51.307806466734746
-1.3210641018487461
21.897247690660716
26.91567464471016
24.581208113493517
2.275334307871291
17.279236379797794
12.99141536636041
2.440815335358578
18.068424167242135
47.71594836842833
10.721599399120265
7.404213258069546
4.2402400899755675
17.21936881513922
8.766427132293675
23.703546857685588
9.619502588683293
21.479347204845755
7.476483999216734
37.60752109197275
-5.582562833937016
28.493561650841208
13.416886866851502
75.76029315386062
21.77090218323781
46.104514460072515
12.370995382184153
17.373134980840543
7.461433682258951
20.05716993666633
21.732132875070096
13.620672183547136
11.382950094662254
12.410036783192155
17.57462598286463
7.331069996233962
11.793701352919108
29.95923472999394
5.981150044316662
65.26849642250075
14.001868783797159
20.280374570689915
20.953807020276066
42.39948033816153
6.78911820346607
54.25146818232926
13.85177709976753
39.08684926018161
24.09884661801385
2.7450673925354048
15.16202169170339
33.68075550192402
3.0205347042341093
40.65529683777511
27.78859536206512
16.10169799184186
7.592415306974839
12.960657239040387
9.979581714619302
15.466332193107686
1.1124045292664309
26.95770600950535
9.184526152428187
34.270927073199715
4.5829593410842415
18.1430986483662
13.636098963928054
23.829731330881145
1.8650346556619524
13.06058667423945
-0.26995995246479154
45.3388794175614
4.736974059094763
30.28706115491518
9.722308495098515
13.194859483958965
1.4119184684076043
36.28944021380073
7.856958606123134
19.70015201260047
8.504873883976801
38.959877580395556
22.057718994983922
34.49639860689411
8.295523069663368
19.49398762545253
12.684393795534849
30.395200830983374
15.240595509942663
42.33443526637656
13.746127385141907
5.264132762133203
4.691974363379302
26.79054249998157
24.847646212682573
29.956095224313348
11.654020806376362
26.664648962914292
0.9746904478002141
1.1258483227061165
10.248326780306417
35.44319107026197
5.97158585043853
8.865231020654289
3.620771266581896
13.67715161121038
13.671089090543747
8.842801918804154
10.407818968080804
-9.10823019832102
-2.138639868748002
20.032444636495114
15.069383769754428
29.41032275518483
5.77389808431985
34.15137177162112
14.050279151298605
11.528802534096535
3.9757767352246463
15.464152707906619
12.211981614293755
30.25693079463347
6.778095205141636
31.765609934440114
5.060698644901458
24.675118386686425
7.3824981288839995
68.14652750634218
5.9055709996313235
19.585506314969777
25.319838200486487
58.38384442918707
10.037396194969423
43.274865076204215
24.467793916854166
35.45523335429512
10.26736620036906
73.1857384661212
12.360485380518968
61.60471572880143
20.82135247367673
21.624096019471285
5.16589693590001
40.20653624655212
17.587309134350292
32.342626537667115
6.453391751014471
34.528333985288974
-4.241950012806132
25.57216024545425
25.50007297398588
48.638171827074004
4.6382487831227674
26.532273821705882
5.0197063263653785
17.079770161072297
10.248784713831919
52.73848119111498
14.096976439922669
26.480164350715086
3.8537489025773746
40.74855741512346
32.99914823559937
73.74388139263037
10.068322623037709
14.018365277554423
3.04809603089113
24.784249327024412
6.492519814671279
36.92262968161509
17.972869349447855
37.831746013761226
14.670452601646758
12.089571744239919
60.465356643259
55.041971876604705
12.200059409021476
28.492317700238523
12.24652772490864
42.384007886108506
11.138639252680353
40.91488743409545
8.596727368372278
27.17296082099198
15.047923039387864
44.77391832871114
4.910973814207952
37.04865425976813
26.120054028245427
32.64983046697264
2.0704017599421674
40.86695418287455
8.099709786723702
48.206159230493796
8.567202876699273
52.89540364819155
11.756538742953587
20.607889287166305
15.218168303721093
34.35985418641489
6.3258711764328055
-8.768347492743345
12.561190747846357
19.69840392974676
11.578730710786967
18.528168515737487
11.018823821096932
53.30666159681441
10.987785653218117
26.182402722076358
21.69685486562427
115.9375912584398
19.58590138040069
48.28577425688065
5.22537553099241
19.13076527789265
6.614756866828547
24.053633972683965
13.223943326410716
83.40422188255695
1.5522276513140336
49.315458865503906
24.668195944525692
48.78712882254832
10.076678034339153
60.30116359815848
24.744529994736858
31.678791905620557
25.24994461821258
42.53559797884755
26.632181777218214
-8.651349841057515
9.558222009237717
67.81563764915714
21.341304261426615
9.63888112477477
14.770321317859205
47.85586088108517
22.732146698820998
25.353065156341316
15.142838396628255
41.46594868033793
22.799464876191603
47.48193876585263
29.479797212569594
18.21618176180488
8.279063236030925
74.35917008931955
7.872991477490402
34.73764207938368
34.7158455955804
52.78772378263388
29.06559116335606
23.742513229890662
33.15966641738097
36.885961162306145
29.98523133938538
35.54792539369506
16.7052784634832
137.93307822232384
22.7253143798259
42.77515119111341
15.895792994569893
76.65317215149796
7.604522500760226
22.177186224879563
23.848050518535768
47.22004836998257
33.94246104303111
24.67842748652167
17.151609835564823
28.884251189025
15.024577788118556
40.92275023244521
13.405388127301116
48.83078876287742
15.825965318544338
54.073644696409
25.477239398332163
59.4246205892955
3.230769161963563
54.56508971147999
18.926940529305423
14.187358646143586
0.8139304362429431
31.122843387344332
12.984701172350006
44.78795225038604
12.631211832089212
106.92842429549401
7.738838215520473
74.27031719035298
26.2932639693908
98.33545837010145
1.6959274957319566
68.64437823054185
9.29119418422571
86.76368361953728
50.392663239684836
63.624644878125835
15.878874088214157
90.43878090654206
7.06096004177656
31.032385274291336
15.024100650363282
42.26046958332529
24.388955999461828
44.427466075652525
12.721922558454576
43.492841469997714
9.992613185430093
202.44803419793547
24.928142445226207
39.510730460026316
14.566224046619336
56.742378590106284
30.533715721054293
105.29023422646799
15.193985718438658
9.891774332785058
16.426599000739103
113.20359346162428
14.05893838601905
85.96078888782344
42.101393191489315
28.367040588626846
15.927185800383485
40.333692723968966
13.547767016927006
44.260082069239346
16.990679488692862
28.087202641858507
18.553167985878346
16.684917911395193
21.670308577486118
56.37910571980991
14.913679631282964
37.74821322220858
21.85317950220639
166.68358323404513
-0.2913546204189368
106.0339699876745
16.73247013816826
118.80529132232158
15.686222880344143
50.065080216585066
10.25828423617082
55.86656693215876
4.762033648137499
126.62110709897823
27.216058258279258
61.72426653390013
40.991327975241276
54.87896889153655
11.900496993695903
61.81954006438507
12.954736971209122
83.09575289384192
36.58158113418103
38.96875092271656
33.327945039394436
50.55310275421726
19.079599524937723
66.86340404874255
24.829192814897933
52.08889123568224
9.106644643322355
138.41285932562513
21.39168709573373
40.46729245584141
19.219436322989157
132.3035951541372
19.898856905538103
174.57569559022323
16.07408039338713
72.09386462800177
38.56433249976715
67.89780228523885
11.651838748044607
72.89136613337658
16.878624548392217
71.90928444599705
22.90599754452365
39.35108999152918
9.724110364809125
60.27562604517304
24.814615728928015
41.420294196636064
19.36199860459747
101.48450333134498
16.039990746903516
56.92975318420784
22.062559331629334
64.68746794164294
7.686482210982049
75.16620327129597
15.001604398035896
122.22774759353089
9.207663930629222
44.47385338592604
30.004973492549198
65.4286149223752
21.707104104178207
68.89340311183291
9.55167432747707
167.62608991128687
32.805634819905606
53.509417676148836
39.067452408028394
58.107070610003674
30.34965370840298
171.3372480661099
32.32835392276696
26.469675582802267
7.962456657743833
94.87672140273843
33.57153758474959
112.45325363083847
38.76537574923955
153.93238714577177
21.74655030196273
192.25176232091525
7.647610820979173
149.28411884963867
34.66128265343115
179.19565872534892
31.291893098144723
20.576307433139547
23.357414017009337
141.81126553745761
9.639857523230853
195.03504635271904
32.291496578083354
53.748758591499396
23.16586789360122
91.34128122940056
21.2279945395911
51.57697692088364
35.038222041845636
53.30005637980979
49.4606529523199
79.70422863927257
16.120297402072136
64.9707862184586
27.406838602549218
137.63696885672545
51.41670247012019
76.42476221574489
37.985475835498264
51.67733673873073
17.94194239556386
173.06593834101946
24.289883822179206
38.9931675028792
26.83259224127138
122.46632238095248
32.16633479102924
160.09890633905613
56.3441046418363
138.7625812234806
31.88641017329973
138.04339150977802
48.025106163751914
442.02823764345396
129.2283348926897
74.52807717730273
9.736807934287839
227.56308123742153
6.232724536079215
35.20248305820361
30.683124771457376
43.58063627820563
80.66035867310083
99.79398832894977
29.57965287697042
93.09230951481749
10.122720118624777
126.65777769454877
9.64521687944445
31.289587293908742
24.862123097998445
283.3750254584701
35.528253235812265
118.21097693937507
47.8781187063895
86.70734107216477
28.328766161778596
338.2286462576688
28.289287515376426
395.0863232176459
144.51291529538895
221.4407341220248
22.695301498679083
157.4052503153509
41.343421132301046
166.60264922908365
55.66613030661369
439.21130574770905
61.041653035740126
163.64269174226058
14.197978901969705
65.68278339994649
38.468121392614556
85.58242277914417
86.93821658477813
200.19910430134692
75.39188798692838
449.05655721140164
22.747117984053894
442.4183796481615
32.39304792126563
89.42249884535889
31.211490362749313
117.459343332518
44.615055800717535
432.4154957496506
16.036629766699036
274.68762603013425
17.834193916045688
121.54989805621001
70.21262693764974
436.75912582081577
28.852307908669005
410.4941902180557
30.24010756901395
446.7282039530975
124.76974623269555
450.46886719576065
68.39525987665847
440.55759702634344
35.8773772904489
224.65772521186042
45.20723802132805
174.89829584094542
31.74116735196614
450.35491973690216
44.770822283262156
260.85449419528726
26.2918435377883
87.00361498419079
38.76471079939346
447.33493773948175
42.52105178408192
438.6371297962081
49.35484740802853
309.70553158060517
25.65973997579135
415.1522489220545
41.13920944461505
456.28221225489807
38.69219266303204
105.27784240496217
70.95552367962347
249.88818845562315
20.745762278099146
443.95252870817825
10.576004769060706
446.7877312108789
13.68436879695853
450.6594044649735
35.254110585482394
229.83005637730122
33.325289449665384
450.55886867217
27.51635926431141
246.89761553646454
30.454411328433594
441.6392271154406
200.0353040736157
175.40251355565502
81.33147417397537
445.79779393483494
41.195714481751
310.9031489177473
36.11557117271629
442.17346075242546
14.09998173473124
445.93940387772585
40.315101202391844
450.64344240684477
23.172167816638826
454.31100824748097
28.696581080097435
255.01150842742146
158.95423712154354
294.7003586583956
28.594587651432523
444.99079788203136
13.684091676102113
93.5746549856004
22.69639170065154
307.78276044893295
71.28521067568948
451.2343767205569
67.26304340119556
128.39242638547142
30.115226136284555
343.12175375746375
40.47204863379295
378.6657543499371
41.486113626315664
454.8767877360198
40.901115891304556
75.24350235112558
24.603570526621702
456.9742550946392
40.94376089164568
350.7049766710556
100.67042636364802
442.17430763898875
49.52445192753821
464.2039888021946
42.7851202967181
453.955790823516
130.51549258274096
456.2677944840385
94.22391514223239
180.2492573080622
41.1093023676562
458.48759342770643
68.02993596604438
447.5758724615005
45.62356608450286
165.511501404963
84.9755775732215
453.45169112195856
120.27769340501891
441.4768867018981
22.535412517652848
454.02652288982426
48.36567460125823
460.20811422927255
182.74283002928573
461.1340689682024
146.92587155995227
454.4862938825645
47.35329756342874
442.9894667550909
91.85753976501731
249.86106898728687
91.79828383450022
452.2869167481504
59.59396198466036
454.9638341259966
47.69244765310632
458.2995118492754
77.49428049850063
465.2270336112653
33.020874189779306
451.4231468301784
67.7250881134921
461.3330618404549
31.435715243107552
461.05363513839063
80.08639266542896
457.8219680895201
23.60479749654357
461.87046084589
194.41683363688443
468.42916635916686
46.6437164118937
453.3427133440524
115.67949310610508
456.4244806472374
88.02494704938702
454.3830862710204
89.4064683445876
392.37165578816825
43.780115508761135
463.03774090575996
50.20021952276556
456.81744929322724
151.57504102189029
457.6001052217351
36.03781146497232
465.9058002293861
80.96636911067563
462.18384943029565
33.26345858591205
454.3887989559591
28.024663291693564
463.58296598975505
40.15381730347281
464.06354549317615
37.68239120103668
462.127090683149
26.671912009144137
449.3804767107169
157.5782922254225
458.455268960008
29.49173817717107
462.5312090012262
124.79431588157287
459.1349579114718
92.27981881264999
447.57488818708845
265.2819904161875
464.6069896597463
43.27957374423886
469.36578339623964
85.4520506889028
457.57227954183503
201.31990972951021
464.69878206882623
142.20680909764772
457.42853472888277
153.86268031613872
460.2026763214462
189.61283084576309
474.1906276201999
139.804161475737
454.89623481794
136.89571204473262
462.4907988640843
66.19667527904667
467.15479616112003
74.84537979056176
472.6628065457322
195.36340686140574
468.4872323947404
78.0552663187099
464.140663031077
374.25499393888146
464.56333287843347
132.8974816983178
471.1534504057346
88.34467473088519
465.5754103597237
206.21603143127547
462.49674916576197
83.94235281274156
450.9673861099192
77.20091141023313
472.40489842719694
100.8227537687054
474.53936327013923
126.94774746302866
469.44750276989316
89.01350220262209
465.58938400798223
81.57205567262176
459.8990440915751
106.39607623429359
452.93753669828527
170.94517047225244
467.7095176644985
66.71262054526574
481.2613632891139
85.87303857699942
467.49075957100865
36.001078517705395
464.20613108526317
33.53239953183026
462.735027403099
60.67231146869161
458.46249092895783
28.304007580447486
455.5974979718019
203.47948691726182
480.2456889322081
55.62372489648984
473.75655400364656
84.0669545371102
467.6467192857781
78.95535921911949
457.40391916321147
112.39373973379158
465.0705189506008
66.91355255090565
470.3829300155348
91.65396337398175
480.33410367562675
53.14923891633852
207.33127724303773
112.0028717904639
334.5247256844939
95.20810310451384
468.89624647036123
93.65053923282036
476.29382723308925
97.26476129758281
481.4149331530986
53.33340854122263
475.2824462473506
46.96335498873433
463.78444500673396
133.27771701893877
471.83284891415184
76.03858123409707
462.88414064594906
60.52916860008456
86.54404880164373
74.56616458645252
128.5020574536378
27.715676701085627
74.54909578968828
29.578746288908036
90.94857457209189
26.85684887176797
125.42684154484758
34.62351843610147
74.49045223386784
26.847391447178342
458.40561859265296
29.692858365162543
462.97556400953545
48.382592079606404
461.37065117691685
72.03762877806759
135.98448017510117
26.7453676991498
358.21056247063
44.78869301962042
130.52801954504363
118.69652164681939
166.15617641947324
25.500898782998846
466.29693321698676
53.05437859608796
274.4119968501375
38.12874921642348
243.3198202002578
39.719924376447175
210.71651199362384
48.71444207093937
472.6687743153863
65.20530236510751
188.91898537318664
65.15203921743104
272.2229200308545
63.00153126002611
149.23580554534598
33.104697976382525
74.64132959707845
31.026256528990682
176.95938728444088
27.305005568523736
168.78877276376488
57.613463751129004
235.18875189168688
43.27763732576608
111.35919450283194
25.391307350319455
102.75966219220557
58.25031183487196
111.50168922060453
53.59907847275017
135.66780906441488
105.0909419018516
104.7613182601492
88.34689491830962
261.7433767164125
39.77859065925016
329.38452577991535
44.25155962622792
468.95535692850854
79.26684393919405
415.53415746482506
37.99825924210826
464.4229666669837
43.075086799385424
213.96318826443286
79.82647832989987
183.51200266846018
64.5955929860004
234.65818754500904
63.5848964520428
142.0680428600187
89.31506254262005
453.20763170615135
26.931001210321458
139.39018030838164
20.062879957237076
462.97318818207737
28.3127996825488
290.19596719929814
61.51137132873855
321.29520289348585
48.21798936086349
142.04722261094886
18.306582473920336
465.9453263560971
34.43912632603877
222.01402419471526
41.60564917332763
465.6511100902326
50.00691047512186
465.5545965413532
122.44621058147392
122.48554417123208
36.61860243207145
116.70229776731301
35.6255547511159
455.64873742863637
87.47785028432322
247.1813994417884
35.74454154326923
463.1003387906146
54.412542768226274
453.71051186865026
113.95161540203799
278.69854914970904
74.10379536279233
366.22486306655884
74.00794285220016
462.07309217937575
93.59462359672669
461.0417267183789
62.79694569064003
469.1899224212917
48.212146215441464
156.08729378108225
21.633343228203344
135.38516825861794
62.49733853382631
466.4555592045097
88.61899103905806
464.4865160722202
87.76400225225889
461.45756221675094
108.4350083120743
283.4854362316432
205.31916950245355
165.78012498054494
37.72996861740184
381.7100912853524
44.72164454554078
130.80759747259688
24.354876634597762
276.07901004861213
73.33196757917653
161.7807973389772
50.053831158137896
464.45256890614223
58.73896605029366
465.81075240555094
67.04049391699597
114.47718572380194
60.36377160809345
87.84947352200716
40.89508300464132
75.21485231051277
51.78554596900863
455.4079900107239
60.97054708119809
82.90991210712559
-6.456143359920078
202.98746228063754
33.530957001730975
441.52187415506324
30.727087488471604
464.3123658721332
45.26458753883256
52.977082927320794
15.961278577029297
88.28803940588604
23.86035395550748
386.2800539247443
105.58907919483461
31.929172015116222
66.59701891515424
212.1613042792908
45.03256255215557
292.3841371408164
28.608004440913245
144.3808852993813
43.37361931035663
376.3747100423377
57.35700094646779
461.582459107607
22.58781628750168
161.08286970769078
59.891714394334016
389.2118059608922
8.539652547770727
108.47622452203308
40.15025228949292
214.90830116025862
52.9232703831864
208.2058708984124
29.463546667010412
131.1304576673736
90.71489336749248
164.46737493917723
13.750508307571083
86.0333393492778
62.81364113440768
97.2045926068432
40.758654349599276
117.72741413210568
43.52367465620738
193.21778042275105
76.8838492852308
93.37512293597769
30.30520309491713
303.13222947516357
70.26399477648134
474.7259836096141
38.581313125142294
115.8431534040459
33.953352190650165
49.49207860438822
55.62995029629441
81.76219196174354
36.9607517975467
388.06896671916235
81.82898292078934
456.7134760245236
38.64701658887782
123.7781415769016
60.308813137321145
175.96798676210304
104.64175220391499
247.323830419976
36.369150788515775
167.41194427500827
30.741073100931192
132.4622349165196
59.64274939730388
311.957574515778
22.94690293275242
123.19856032343289
69.77486493594718
464.72712107604883
42.58812365223039
149.50977085504252
52.58349750004271
473.0051432208433
132.12523217223395
241.42623453778097
104.03937739741568
466.8216893387764
91.77667720331303
460.62398615743854
122.49757957309271
449.9599098941618
78.63648387808945
404.0064808781394
75.83149411507034
223.54525297557694
44.87086883070047
466.5148703079295
30.088552786712867
465.41220007108257
71.64306879751354
150.70187580252949
53.02973617072229
130.7714490193898
37.12562759661045
85.76218238799024
32.72251851077314
135.73054254772123
30.462655408463704
57.86844532938245
41.778207915476266
146.7518696754741
25.776469022687714
-3.2785885023285957
-2.58243833595243
-1.653808379209539
-2.1998171688552692
-3.192345146070191
-1.9817098396608785
-3.875899774151857
-3.257556420129098
-4.300348830548055
-3.821764822132682
-3.6569526908766234
-4.615084262246142
-4.013529012656005
-3.543083227271096
-4.459888531024528
-5.22162402335218
-4.25172039890691
-4.893975728751514
-5.227415221266033
-4.794069300097261
-5.019355533888647
-5.033522871015872
-5.172180729426598
-4.984359907607843
-4.574567477896821
-4.293724920917173
-5.887674013147152
-5.484851854291065
-4.078324756429904
-6.0529257046379366
-3.7581388859115625
-7.477527988050436
-4.618314051434764
-5.482052045511853
-5.512591894862504
-8.03030449274941
-7.620034619099309
-6.070081862051018
-5.859482815926229
-5.836439953746351
-6.275704807526821
-6.870587373718086
-7.664891868907661
-6.571010238914241
-6.77958837712626
-6.722677699659261
-6.209468324893347
-6.912278618216765
-7.233498732473355
-7.836723913546807
-6.846384061540966
-7.261903693518001
-6.6960788221903575
-7.801768670965038
-6.825613747450063
-8.444200332572096
-7.041334548099618
-7.870825111109213
-9.489190858428323
-8.99674545598387
-8.58524575864262
-9.110924493097937
-6.964851416341398
-9.651343156930931
-8.064842497071323
-9.934267924237744
-6.4931974806021495
-8.945512268745256
-8.650856144865672
-8.819456844222644
-6.407831155874326
-9.591264100740442
-6.560365519055115
-9.005096206825842
-6.702758639315452
-9.760457508196474
-6.578653158167782
-11.139485142489178
-7.142806838022629
-9.867614350643482
-7.2940986632364275
-9.922822696728435
-7.1786581382658765
-10.056336861599778
-8.588327313171364
-10.391164384125476
-7.42033547713715
-10.269848159691705
-8.520825339229459
-10.975760762476712
-7.731676815051442
-9.09755250412461
-8.477676816052838
-10.480551235821837
-8.894545790405083
-10.350231260343945
-10.723413930485451
-10.687451830773496
-10.345311678221034
-10.692811934679263
-7.7375006396254395
-10.742973327469983
-8.594186574670498
-11.609892919154685
-8.701206187800121
-10.61842471103172
-9.2930892691151
-11.143750355570631
-10.742559994204964
-10.772774114149529
-8.904252697474172
-12.337296632402246
-8.453464382469079
-12.500650515885814
-9.360476369723711
-10.487161637898057
-8.411933599155132
-10.197537149963814
-9.035707981812797
-12.544531409369775
-9.733416186853235
-11.092134057499042
-9.920931721865262
-10.903478316205089
-10.21912921125304
-12.396541848173188
-8.371961798686382
-10.871103650219014
-8.900838544301866
-11.117465679861796
-12.209483688393199
-7.964846864391048
-9.546378632307931
-11.14027314668552
-9.653799634923505
-11.469553310903088
-9.595876657009166
-10.741929531394065
-9.524315902276344
-11.493709144632879
-9.98316024256077
-11.165311440591218
-9.607660772391437
-11.263597911162638
-9.747927603775826
-11.015445131739682
-9.865315275294094
-11.596588099979055
-11.03070439282581
-11.0318496871929
-9.250891913343244
-11.154857952491268
-9.293096751473739
-13.079001608106875
-9.019440231677315
-12.70283971783807
-12.128591513447365
-12.153991579276475
-9.793968755025118
-10.927769243545322
-8.491311304092616
-11.225702458658779
-8.57909548025268
-11.164778745361819
-9.491828534097055
-11.031999765631136
-8.507777104229993
-11.624564606208974
-8.589679156268533
-11.266379709189954
-8.84838499596299
-11.184865690693488
-8.386727527209558
-10.638248046665964
-8.816533420185431
-11.01700308822259
-8.277195410217939
-12.170936654055287
-10.436234541177882
-13.371285828529471
-8.706889833267539
-11.64428974657811
-9.8420577209813
-11.290940734138713
-9.55450530522763
-12.547216263402394
-9.144584396722205
-12.210536801304432
-9.124554914991483
-11.545745255094168
-9.91857005994844
-12.003952804611295
-8.64366779903222
-10.492153606227163
-9.33260630000373
-11.041464447262227
-8.747337980346
-9.77477293296202
-7.729879850377835
-10.413170862926984
-8.767568012498458
-10.55748947360539
-11.48291651637811
-11.634941300145877
-8.83970337628832
-10.73336534447668
-7.6951227762986685
-8.531010062751456
-8.278637523088317
-11.374662856611419
-8.034381056853722
-8.947151265525191
-8.69544718367267
-11.465152142433528
-9.43627596519968
-9.12967959457449
-11.873127406971848
-11.224551131126791
-9.523710166509115
-12.079052986225753
-8.513103414349368
-9.091446081208868
-8.47277772619115
-11.683388656791806
-8.263458461687478
-9.186478656114605
-11.842310036935462
-10.545745517735684
-9.560132145066165
