-26.007493005906458
-12.164611586049789
-7.1811617760939255
-12.862039873307541
-18.895282422159905
-14.56880539596079
-16.613113049412178
-19.608961894556
-18.364132781234055
-14.29167584251437
-17.743866443767764
-14.845248622400982
-18.840957453867087
-15.94096061989851
-16.9685607984737
-22.580698531960223
-15.036934036132072
-13.75835924841447
-18.579243931260518
-15.179685853517961
-18.528109451303113
-10.866216607807818
-14.006756454970201
-10.77344923051325
-9.299875771826684
-12.350886909282378
-15.478396465980428
-16.5480148749834
-16.01220069473792
-18.899378237472266
-16.376980870868078
-17.417637524744855
-17.40132677908144
-19.882895924813955
-18.335952483966956
-13.324474148465296
-17.521934225155448
-16.485967857489577
-8.184325913006296
-18.26621077666696
-20.78537935124333
-13.74813107072681
-17.77586942014965
-23.004665478667686
-11.057864042279384
-15.293231747523754
-15.96969926690748
-20.694599047925816
-19.51361597991807
-13.151611884965382
-16.820289675286844
-14.235929280557684
-14.396182050684217
-12.418287134879318
-18.567324227047518
-15.086408491276245
-15.031843011234546
-11.39137647858468
-17.22995789170982
-12.846839980986712
-23.26298889202381
-14.919747181504977
-15.488591605937147
-15.523558914704074
-18.998799917752866
-18.848801117541978
-18.87416100455003
-19.0674183235638
-22.33728036189235
-18.282308308321387
-14.925325616663196
-14.008904358717556
-10.396366760045018
-14.892657831185128
-13.881921469245004
-20.169685576489154
-18.199618733002165
-14.706962574737648
-13.148189382211925
-14.5191085322241
-13.579335026973844
-11.998872427365045
-14.88125763211076
-17.667504821675628
-18.08989208818739
-17.31614128978788
-14.414233188427408
-16.683680973624018
-13.465814655348922
-12.759702210085342
-13.687288719338241
-13.227120516144968
-18.86578808535953
-16.495184269906996
-17.53963561558894
-7.758970245569839
-19.519436505375396
-9.027718962880103
-9.581934289172832
-11.437383441074566
