-25.492280028657444
-14.690502559709346
-11.554045174369458
-20.492723707516582
-12.446837657709152
-28.61810534840249
-20.41548651457694
-14.414227320317035
-13.27230518544765
-18.25263070201625
-13.48124953641756
-22.936024672430467
-18.697179699581245
-16.736923419996018
-17.55388464650042
-19.336752272420384
-10.394713663354883
-19.47286081115174
-16.09927214791636
-17.242584787065717
-18.73475292606459
-22.334808401433584
-26.14476419627146
-13.128415703230022
-21.17715201445605
-16.666674370800486
-23.0965969088342
-20.562263467861136
-16.44624378032861
-10.424378338614828
-20.86480354689162
-18.79891204335956
-22.157121304381093
-18.253992904783576
-21.226105394428863
-19.416732463207524
-18.585748425520816
-10.671525462205596
-23.30787712394565
-19.407733364509376
-13.66974416784901
-14.547480108323793
-21.273506554878352
-20.091132644022178
-10.831795644219659
-17.51572531321616
-21.6806773620839
-21.5927579792669
-14.686174351642027
-13.555639838029634
-17.4576780212615
-17.334746903249027
-16.22996538076218
-12.52596554255037
-22.45401366307205
-15.214648052697862
-19.21549459940212
-21.993603020597916
-28.187067766941002
-21.82666513167389
-21.778788360217668
-10.931592270836072
-13.598016042422728
-28.35351430533446
-10.287602797596598
-12.84681851056248
-11.910395891815769
-19.437867201068695
-22.487794444581805
-16.19240143082543
-15.549586614723088
-19.792217122837993
-24.045407148443736
-17.15656146503655
-19.473547062770514
-19.414754855630974
-10.227747061145166
-19.645238187763834
-10.311192714670353
-16.64477136123423
-19.159401908154276
-25.855162322406514
-17.543906936025977
-17.9529266727902
-15.070144312136401
-22.908272401396033
-11.058533128112765
-22.375761943149968
-16.05463813543412
-25.292825666831245
-9.882969140052527
-13.268537465244261
-15.26814832049765
-21.51890057106711
-11.740632971452843
-10.90320380838723
-18.158908006314356
-20.707641143218062
-14.950413195604082
-10.48538246939624
