-19.881293000343835
-10.765883827731372
-14.945675277920296
-14.20273081889578
-15.105020886391635
-14.735947084581852
-16.494495636664084
-14.773254611627145
-13.738191504910155
-13.782828948268872
-15.335032904334149
-15.069287154365465
-9.618037456921432
-15.056377665332487
-13.231270131767886
-7.890563647631228
-10.013840792742664
-10.663220501216884
-12.054793253305547
-15.541365818476473
-14.074742942832597
-11.352762697494352
-11.265125064384543
-15.066669764674284
-14.580665930004141
-13.161081927610162
-14.999507504999613
-15.309413277400566
-12.146819321733046
-15.584036426171316
-13.951775722330126
-15.197384485356885
-9.14784494118325
-14.663467107754729
-13.53345010264666
-11.215583537926724
-14.950321051546663
-15.7296301830615
-13.371881813897154
-12.596218167621206
-13.40292957215804
-8.491699562005888
-12.714781235526742
-14.515537221993643
-14.12634560026251
-14.77170289242222
-13.896433079487581
-13.187045345032436
-14.655702233300717
-10.833456699071402
-15.591704624310722
-16.15712745112959
-15.09991567946794
-13.814645811043125
-13.49203255324461
-11.266037921615252
-13.561467937042472
-13.00898240619002
-14.21154702052456
-8.138967922525719
-2.8068256259144
-4.340004828950534
-1.582442782673953
-2.2089410008567194
-5.7543645709111715
-18.512832018829428
-5.909375408588922
-7.407685926902313
-9.45730258250288
-5.312874802458613
-5.849705020987149
-12.491339480138011
-9.835466617829114
-15.05947991529866
-6.7524166962985435
-12.021252106976865
-8.565385207310998
-8.81059098473016
-7.567012179103376
-4.604341349955829
-6.934107283447582
-3.454965031574816
-8.490326729052756
-8.075001196782162
-7.167016851714665
-9.7878208140562
-10.931434354386758
-11.113436133048781
-11.913893450847603
-6.821618982398524
-9.823601603304606
-9.72786838358514
-13.295197372265184
-8.55589188617086
-11.926391066631593
-8.041124721659592
-5.254168240112346
-9.046821896193965
-8.658348847292784
-11.234138517405043
