-31.165890615625
-12.523712516076031
-5.553909635160352
-27.489176989956157
-23.74218461079192
-20.88840399159458
-22.322935962772586
-19.32500729729987
-20.250094478259626
-14.619008778037795
-10.056201345046336
-17.619531571855774
-11.592554560507754
-14.074020341274053
-20.394203127610684
-16.714922684595436
-21.259821650544026
-19.97023565238512
-16.00758416069357
-18.03006401591032
-16.16940775207465
-22.719372578068523
-16.73832889722465
-22.259780520784744
-20.42356554529669
-20.853383756540293
-16.626167981488713
-19.770913393349996
-22.37580541998399
-20.873875121005977
-22.80240164436409
-24.21501825822892
-22.88478234900918
-28.253746845343805
-23.13026226824816
-20.670243160860878
-11.783645943520149
-22.338148752771417
-27.597689187357133
-27.291223370771878
-24.106205317556732
-20.891072406402554
-19.2083786594907
-15.099302649798663
-21.69912400792153
-22.864817284201184
-23.3143058056471
-15.71055583855745
-15.86459340771313
-9.845378630920964
-16.694443527085635
-17.005425727946765
-26.522255014794442
-22.490129101333714
-21.580965488084473
-13.65628876507051
-22.972622983595215
-16.876504677737685
-19.111578364068123
-16.393877877185798
-17.389391551523392
-16.549665938754405
-12.43004952691697
-22.117875864791102
-13.827087114173
-18.750601063998705
-13.369055592688543
-12.968776092437466
-14.055297402936265
-19.04553279584581
-17.922408421741842
-26.263307024090306
-17.83941730636875
-12.820176557047086
-11.020777930161032
-15.455647471135377
-15.888463113888694
-19.117690697332705
-21.428829530784743
-23.047198523107767
-11.748930135159128
-13.924487536852622
-18.19626828416998
-12.666299078459332
-17.093174568279444
-20.010376261042747
-15.01176501736326
-15.07506530313736
-20.098727842704122
-12.224687869800155
-19.91535417056243
-9.367232146192325
-12.546324051290634
-6.041926073103071
-7.222216383658654
-10.579074898539034
-19.888762845914496
-12.177722184371593
-10.878908804631202
-14.973189197509315
