-20.959357979005134
-5.392625920723722
-13.710104681509852
-17.031288203883964
-11.758761704021182
-13.780109193995116
-14.194843019316545
-10.6025713254027
-11.563971438234745
-11.856688152935321
-12.278896165802232
-13.651371615018043
-8.264205912113466
-10.28019676314832
-14.892685209511887
-8.333059600113344
-8.49307757477482
-17.810249230995687
-20.499215949330512
-18.625807693647747
-12.723523589609398
-16.064586307199285
-17.485391485033407
-17.281122751698827
-16.28357819169626
-17.05782972027442
-19.632457126406223
-16.356669319088972
-20.340029246285372
-17.65403888165277
-16.64380722706627
-16.544798343418606
-14.151744946627456
-19.39445003763329
-16.89041687405332
-16.44901339320398
-12.764324336619127
-17.282240399977606
-13.720635667046778
-11.642899211039678
-10.929544288381331
-9.512439605273627
-13.433592606480477
-12.20925792354794
-17.466578602640414
-15.29279024920566
-17.7758354173575
-9.830069880331308
-9.734169110873678
-12.225873733729406
-7.665631412971596
-13.880204240431118
-20.33867731086791
-16.378248546452152
-15.596844599054544
-7.310847732874287
-4.522749087699592
-18.984510902517407
-3.2076627704430707
-6.003349414495693
-6.377420522073618
-7.646368735062432
-5.534764743052134
-4.810700106572938
-14.679830764220519
-8.857744483086918
-11.848289961787039
-9.126574522433707
-10.586603232618296
-18.367638808963413
-9.780769292538833
-12.742837505909735
-18.649486916884214
-15.774872473973593
-10.458653388444905
-10.39198609886197
-4.705878124327275
-11.348894970819538
-13.8130557791561
-16.86123398540238
-10.23596298802985
-11.1085862530585
-13.516427305476359
-5.315989816690103
-10.840605676410465
-8.001633218172161
-13.51466001443761
-9.38369762895624
-11.31985555569837
-21.377985695182797
-13.31858793118613
-5.044693959255066
-12.482484883404933
-14.875134107732816
-10.156168468062022
-18.68817163895458
-11.321903940917684
-5.482147939504727
-12.375778850755912
-18.51384195909986
