-26.91778718505114
-11.663831091679208
-13.928799621420355
-11.281708207462616
-17.929672917857385
-21.773431270151576
-16.149748419079735
-12.512782245314266
-13.861886333349615
-16.452312674706167
-10.902541396342981
-19.789631776606747
-21.279576589112583
-22.472803121076815
-23.923778511846763
-21.5920337388299
-21.908406707719895
-15.176565687349203
-20.732469012166526
-19.67216236157713
-25.994140251755386
-28.097890448822795
-16.858800722221414
-23.087494712732372
-24.203464245312215
-23.61413513851454
-18.484409491813416
-24.63464341063956
-17.29523497476398
-17.39841904251231
-15.807091632011353
-21.001647189269164
-16.94580497191087
-21.08743231810785
-18.19527121888222
-23.19349283076629
-17.54632519397739
-25.60558023451214
-25.43473430561672
-20.310342800424944
-26.21733820688205
-19.14630002338532
-27.00832887740308
-22.977483621689288
-25.131478170721778
-26.310780304704743
-20.747729202845285
-21.911053835018
-14.964633087790133
-10.880272918375958
-16.95967613925159
-19.422079567724477
-23.43803175797644
-23.980948347746633
-19.16379709968578
-26.19646195477577
-24.294744700464037
-19.154544707506943
-19.556799101186655
-17.09250261213831
-19.49144652817107
-22.61763603507412
-20.045302835169178
-16.831251762520193
-22.231088498967267
-21.405338959278804
-19.445339734442953
-17.64598944761071
-22.446755064471976
-20.951090729781974
-18.4491753912453
-15.17276392899629
-17.214251049454205
-14.748830434680631
-20.571438751924084
-24.137656013620393
-22.227093228069226
-16.49274156143678
-18.702705968384304
-13.519318121578733
-13.532484232429207
-15.078451475766423
-10.916103508290815
-5.846640582313523
-11.945489359917774
-7.960394843044624
-11.456706518030286
-19.00542480011883
-11.224099842581591
-9.947375890975195
-11.714306127773419
-11.62847911838309
-9.579632548890666
-13.867641306870828
-14.145238358528546
-10.058487133614758
-11.548357914994357
-10.946042023007779
-19.437398634957695
-13.258806853493349
