-12.1611355448083
-13.87951574466795
-16.78621604837538
-15.781414539564496
-16.07171325771401
-15.263816322861643
-16.99090575637708
-18.028341441048187
-13.126118642892997
-11.869182233213902
-14.909983278243253
-12.328006083663585
-12.161506921704582
-13.57897553038204
-14.343393772707142
-15.590853570038968
-13.414200777145474
-12.89646093927723
-7.133261164007545
-19.399242628380172
-17.832571580875815
-4.569001827243514
-18.58331375665536
-18.685500103546914
-21.62921494020557
-17.817699501876135
-9.249558310741756
-11.269961165835074
-10.58298634340814
-11.46832124583345
-15.392663244091192
-17.006887369948597
-13.040919794553346
-12.511603151559212
-13.95831746468017
-17.739123532044843
-18.078194409272257
-17.18325487372226
-5.283759219351411
-8.557237573636042
-15.907229373208038
-11.536561680276284
-15.858940328614096
-5.938631969943861
-6.981796323276256
-17.595742533920404
-9.968159504284817
-14.207785105555361
-15.69880682590736
-12.463844915084053
-10.78492217561227
-12.308068071411345
-6.158367325461005
-18.53335454574445
-13.253928193351475
-11.829342627251663
-13.741124700997906
-2.862910520230885
-14.468015736829491
-11.600224682500942
-6.117968020594079
-11.920241193395288
-6.1550628671558405
-12.278437611545526
-10.660001872231168
-14.343754393138994
-12.465556406854214
-7.227700346439626
-13.224973661369676
-5.783935038866491
-11.151291978170205
-3.5112866552692994
-21.825984611108144
-14.096355326084815
-14.535186395426908
-14.048374090689105
-9.672314146260222
-9.78687242083659
-9.19365696337558
-11.204277065450505
-18.06017582453104
-6.607740772765797
-11.621675559212713
-7.756324369351968
-7.970334655940769
-13.162072491810907
-12.439610532841165
-11.877785753296564
-12.950928743263871
-16.658917572232244
-8.265569249082882
-13.557496157997724
-11.12649554449281
-9.428339862272395
-9.42631419570398
-9.282115799685076
-22.261640710247406
-17.330897965324308
-13.791271852411391
-5.583885343881024
