-29.32773885970221
-3.219615135453698
-12.57874592468647
-11.793289981845831
-8.607363507288673
-5.845136754098968
-16.59954626349639
-11.094561489251568
-22.83897971009073
-13.774607624482694
-13.450908063263034
-29.336568015209064
-19.92199105549564
-23.33353709586963
-17.47585566734501
-25.506015357202905
-22.520544875316958
-26.916505073213763
-25.58761563822322
-25.48570993005431
-22.40782705105421
-24.760722859691583
-22.455981257989254
-19.30142955799254
-18.050709781832282
-27.06811445794281
-24.07907170279016
-24.188206172380056
-20.841682416041806
-25.923343053343785
-17.940454906200127
-22.841436637369
-18.67516675029681
-16.977934310849115
-19.28596737959479
-19.172460711256466
-17.73564524594212
-18.992887076516652
-14.981883023709214
-18.420201734161964
-18.185405304182645
-19.434383438009185
-26.96608994676403
-18.785784630956194
-13.885488754024392
-24.54713776629709
-23.148370547860992
-22.288484342051625
-20.94416066578332
-15.80219329263494
-20.88756694302328
-17.634684768956756
-20.15650510167566
-18.341010663884333
-26.21181252145236
-13.26187397161247
-16.24595067316228
-16.32799667887233
-14.400608782016715
-16.736243289575402
-15.69284664839977
-16.07829574953167
-14.57574992378624
-13.437376971574885
-26.00240698981466
-16.208392575847736
-12.608333120067362
-21.65438182974098
-19.32524287116665
-26.716906414268138
-17.73099988194219
-15.882997801250212
-23.50388890546836
-26.932134108357317
-20.53249970917502
-19.670039780365983
-22.65937970652832
-27.695288184021216
-25.73914048616246
-24.895318893232698
-17.778650298870488
-14.087909282471594
-20.73226361990191
-19.13579995569313
-16.840433041108973
-21.310956243420257
-15.155435812827724
-17.828799608430458
-18.605412325737547
-12.093014831209524
-16.663712591563044
-18.70302565272962
-21.368874904523615
-17.618399569462735
-18.444510548250214
-14.072973771877727
-15.41156801282126
-21.643745573795677
-17.462894143281353
-15.592374757835517
