-40.30995470882396
-10.47559129539885
-6.515164935636079
-16.351714599398885
-21.852261676416838
-19.309323191091813
-15.798980293560543
-13.800125773248709
-14.434786655092601
-9.360860708489277
-16.483370848898037
-15.653560482699218
-18.49282795365458
-18.89458514084627
-11.494713528656739
-4.979468705754466
-5.761130615215406
-6.2582327075653215
-13.55858144195504
-3.2565368029201247
-2.7772963696123547
-7.14541432217136
-2.90789008855934
-1.5736881853780007
-6.846761645022806
-9.412874359772157
-16.371659514629997
-8.882627066813981
-5.735802879713903
-9.467855649104559
-10.370198995352634
-6.170532294580668
-9.13946751431807
-6.897672723910006
-10.778246905742833
-12.173042199863298
-6.062547553049158
-9.805295065328469
-17.33858808749278
-6.637508917752375
-8.636948108834359
-6.9014471075799255
-10.955713690964064
-7.820064443490011
-12.26660381308229
-11.015065665756191
-12.799850305246629
-9.07778454407966
-7.847311504026102
-12.655185608580812
-10.937851802256102
-8.28510010401549
-7.214358815224236
-5.966789376003889
-6.744092389186681
-10.922151598738182
-6.9352738373796505
-8.433901505607166
-8.010499180785684
-10.398139108625758
-8.612717527012506
-10.2244986380696
-8.384850934270743
-6.349945252802919
-6.487078017111842
-8.361816858819864
-5.862057711085371
-7.2867627089218034
-12.095312866501594
-7.880141138375329
-7.354610266435163
-9.660592158957693
-4.245648106131807
-6.508217756075204
-8.570366405823233
-8.346036960244069
-14.948664059206104
-9.593489170406283
-12.747113548454998
-15.350527686227291
-9.497449123020802
-7.727184200427438
-9.301746855359278
-14.680623299358277
-11.34343091871616
-12.681593808674076
-6.091220820470227
-15.572836304599349
-14.627266219342166
-11.426863646654617
-8.353520315848622
-9.546194383372608
-7.05821997227591
-16.25720590827888
-13.004909466079877
-15.134992933654178
-10.835058691940038
-11.862047371918194
-14.77829957161146
-14.607966907003675
