-22.0146246879917
-12.706141429170549
-11.113166396975634
-24.8085759134223
-12.943499361916484
-21.944027573754564
-24.008048152604946
-14.748610376376515
-15.049573871211853
-21.083527566325024
-14.532392079760603
-17.502629801152224
-15.85593322968315
-16.113350616736355
-18.21369854636958
-17.249064600156988
-22.794910502048175
-17.55689157435324
-12.404848744060194
-17.394430766103167
-21.987986692082906
-22.204115718221555
-22.994975295224116
-18.111917248697864
-22.160221245145113
-19.227302068577142
-17.735892682285336
-22.575900849586183
-16.809586414603622
-14.543918837350617
-15.295904645496872
-23.831243193674155
-19.376517948824215
-18.202383009815538
-14.280057575778354
-23.951003085028436
-17.440983019461097
-13.847974553044821
-22.170737071045608
-16.27328743254273
-28.024927548395965
-20.55438649260305
-23.439774425617944
-18.028217756698456
-24.685305874329988
-26.522882448777295
-18.583213456178157
-20.55992536072923
-15.3864064284871
-23.258391157482237
-24.97252913897094
-23.61253580155602
-23.19782961414725
-21.59830313601077
-19.54784423978734
-27.069652050569758
-17.778721501031647
-22.93305140321805
-16.37835038908275
-16.436676209456117
-13.672630242663548
-19.56775318099166
-17.48721488808645
-15.454288736277856
-21.61594895890699
-19.439721940237675
-22.524692416620496
-20.223576335829588
-12.410406829527407
-22.71300560544138
-17.672006453517433
-19.56311551655123
-17.716847867211932
-15.341766957139765
-23.30082552618672
-22.256226211841174
-14.418433858291893
-15.420817172155534
-16.02523957214558
-13.104536918725309
-11.827149967796075
-18.27734277970479
-4.304783009776542
-4.993663654817322
-11.926678948971567
-10.869230644282826
-2.0163675503431335
-11.77083909649713
-17.507223744622088
-7.465932590564653
-6.520972736574765
-19.865967616550382
-8.906332244207004
-11.407112286441137
-10.3737387521588
-8.534538675112058
-17.244492678141338
-10.174289515084187
-19.53477927366574
-15.72472143279291
