-24.488129713433274
-2.9138985509305955
-23.20054487167612
-16.114487291528157
-18.443103641256155
-12.072926877596823
-16.501151898103135
-10.219320693140642
-17.503854965966838
-14.279473960818592
-18.630011953343807
-18.016642906469315
-20.57071765339859
-17.792673607070924
-14.264371994365556
-11.893414489058888
-15.73466612485369
-14.783161336919811
-12.848176489024581
-16.33652441224367
-10.391402236785023
-13.182192878403049
-15.34154594125731
-12.0659698882807
-5.930351510757113
-14.924516934074427
-14.420004698919003
-16.51304695313438
-13.654548990107916
-5.560462827715802
-9.34833336941882
-20.245467582424936
-9.548173331175988
-13.526734336799992
-19.95103968784946
-7.131591507893592
-12.95752767986152
-7.401954469943783
-18.320245514112987
-14.551634977748549
-12.794191496265926
-15.251286722455669
-15.77952482507262
-17.300971527695232
-17.85088834898078
-13.016330976747103
-17.729346578203163
-12.604315850105815
-20.035531924070376
-19.882210704674748
-10.155415411903844
-16.755299082064386
-21.088988090146774
-22.75679148738543
-16.490035358422116
-23.865747390259465
-11.511925695179803
-16.084112891155026
-15.60812604174417
-21.15518061325827
-16.90666266609832
-14.335463832321375
-11.309261367321424
-28.18615487084919
-23.32256247016814
-21.37025087511488
-20.340374061110975
-14.63012611784215
-18.897734485727145
-19.373753577369357
-16.4831872394085
-19.4039671816704
-24.183408489848013
-18.376786553327424
-25.440819743924575
-20.245856774730115
-19.47420139977168
-22.362997314426465
-22.29371743564605
-16.841843860819328
-21.7050348352259
-18.640742170168746
-24.925004324923513
-17.848164683292556
-19.913971025197853
-25.045507351497896
-24.569031665322377
-9.310219297252537
-15.674117963342932
-22.87315007845612
-23.283461187606875
-17.380313472912825
-18.935613691078366
-14.15628767663162
-19.2747150032746
-22.963280190238766
-17.299061268494306
-15.305763144767715
-17.318228458732303
-13.283264184831703
