-24.317379388216498
-2.3282909064695323
-10.483748424937813
-14.588780993095606
-12.618040179516878
-17.581878564028756
-13.975269443987294
-13.266025558242603
-7.533072502920572
-10.797294644227106
-6.513834523181273
-10.0852369973835
-10.791431376767127
-8.18314633370453
-8.779426848499858
-2.2389716818438203
-8.493064065170152
-6.449198361402076
-17.09756230625073
-18.257532272532167
-11.402238628258472
-20.3410176929543
-17.97308762808429
-19.253031308644786
-18.160414150065538
-12.141471015277347
-16.21423126446886
-14.374951331815101
-22.346654690615175
-13.740029224778999
-22.39322857656905
-24.989706299937314
-21.25690677266361
-22.81049220248554
-18.276170417596244
-22.04255031470246
-20.133879177678565
-20.607728141171965
-16.50852245580899
-14.937272662217364
-22.241319774694006
-21.259085965973263
-16.630535864760613
-15.33954176771843
-24.646078050775948
-14.731571582354098
-17.27323546792519
-24.069937114882947
-21.485428508421872
-28.246385758403008
-21.975095144401067
-15.282949842260457
-15.988295228561807
-28.319511868938633
-21.85382145715521
-19.610110696793868
-11.681418298494476
-14.184628399206515
-19.391586371247016
-19.530941510249182
-19.728059108593857
-14.311119749308958
-28.6780567077445
-22.356613967282023
-11.792139025126469
-12.38382071464161
-16.591648534171753
-21.13074890523326
-21.620322382251636
-20.3433632172382
-22.40592702567034
-16.726553976254642
-16.054016019878436
-23.306248346928232
-28.261931992944938
-18.729807560068284
-15.867144283299798
-16.972246961037257
-18.675241789936678
-20.27083273000549
-11.65873274505849
-18.817345493489217
-11.750469463513756
-20.055207949250594
-14.740086181418558
-26.145762712754326
-17.23641502362334
-13.354596473791565
-18.968197486638594
-14.16471773324626
-16.42000903580477
-23.434777771846754
-13.002945710809518
-16.71500974720023
-10.186870304467877
-17.458746818644805
-18.167391882612083
-16.17670582956696
-9.954325447527708
-19.95468593138944
