-24.771920093942164
-5.256065953171346
-9.176144136898179
-18.315229064832824
-18.985231199786714
-27.912870575838813
-19.306221514726438
-19.519814859443652
-25.002466481616487
-22.543048048091308
-18.509772319232976
-22.78059551030252
-20.13885082994026
-9.6162063746698
-18.068011041545194
-17.41154962884746
-15.257684581701007
-15.587982574467805
-12.811980666740215
-17.395634429023914
-21.2804724016019
-18.01697200078955
-19.784271889374956
-18.513827494931537
-22.03201995679472
-16.591397176542323
-22.47664724687221
-23.35024907875087
-12.141708956300008
-15.147393429215647
-23.04507116203651
-17.46684464182322
-22.855761691056255
-22.590773598457258
-26.685930358504137
-19.7873720282035
-18.122637509036018
-27.161232777373684
-23.872136315537926
-20.114792998923203
-23.3008854059653
-17.405411141239526
-21.556846296636998
-20.372220332205853
-23.7773961896594
-21.405223815252562
-15.040070156907234
-21.25929253214194
-19.557543457082794
-28.195766013839723
-26.314154895464682
-13.786725343859807
-14.722536786964916
-17.693904593326067
-16.306226392314425
-10.937674084515368
-13.561018548167894
-12.881708434876693
-18.894899067533643
-18.101953394896167
-12.45322820419645
-18.518597064163632
-17.971688544173023
-21.951066197470947
-19.376907086803087
-13.609064824695599
-13.431635711448934
-20.899226469089392
-22.17645526271155
-15.235378483857101
-15.79043864818592
-18.50362755194595
-21.86595468702955
-20.667465546305646
-20.296647512075236
-24.881130732594297
-16.67921562777609
-18.00862160543435
-21.013759852208132
-17.4052610416125
-17.24620524535348
-17.754398958168345
-16.198449220141278
-15.710162108803784
-25.424243566588714
-21.03725234864189
-17.13454707961063
-17.988204676375787
-13.703524537098957
-19.041173664816306
-19.644283475510143
-20.456005484022228
-14.857839543692851
-12.805157965551421
-17.02915309502759
-20.275422924133164
-18.861952136054548
-25.274192743159617
-12.546431635136036
-10.750039273269884
