-22.717524218142128
-11.744494583022622
-15.058991667431505
-16.20091734221172
-10.204840605729819
-15.993984818960948
-8.658174960732936
-17.449088951693994
-19.49019512118069
-15.383607325761531
-15.521536456116863
-13.591405627456258
-19.636056513944173
-9.225794354087812
-13.945282000481264
-17.749728735359174
-11.836023144745065
-8.105485706408993
-11.171250085809602
-7.954534224984265
-8.134913888292374
-9.57121894700211
-9.39596390148772
-18.85040627565945
-14.623200382337146
-15.050516337449515
-14.259424775375402
-14.307753204501742
-18.610724104832418
-14.02572476557486
-13.942206506815774
-14.796675677046263
-12.004179049395049
-15.48799166995355
-15.473053156307014
-15.747946299249554
-21.240252109195495
-10.927565477402457
-17.522654774480333
-14.84584227999304
-12.141301799208085
-11.007236901334627
-15.352146691576115
-13.885455823555656
-18.325107040985607
-19.67967515750056
-18.068330978359704
-19.290155636020963
-15.558809662775234
-9.614019516621642
-15.601142658864157
-16.582668109452726
-20.154372523238656
-19.24254562536481
-15.154604554349541
-15.642807902584082
-22.020513288155676
-12.58864618756618
-16.231402626980522
-15.561726602578508
-16.573006445772858
-12.09833838576648
-14.732474218690621
-10.538046577618404
-16.67791802534795
-16.333859752652995
-15.382669611537244
-14.211443720560089
-10.854908761972915
-11.60561909379345
-6.354788869633574
-5.835207558575793
-8.97566603920838
-6.477358228969458
-5.653631766205186
-19.258192116122384
-7.976590986724423
-4.802381750792792
-4.3818048598358965
-10.458832360841004
-16.336917771949523
-11.12207370206471
-6.005490584988177
-7.95346356982796
-7.06811985551798
-7.799955492168351
-4.563951599365323
-11.84628895993042
-10.098333570000294
-16.006929717709628
-12.889360062591823
-17.928935661591733
-21.2024898194916
-14.58465425266664
-17.738434879281197
-26.027510240346814
-15.271336129539304
-12.429801347918676
-8.3625436281941
-17.00542667815985
