-35.36901914494392
-10.26809198971379
-11.434780232637248
-13.949206641306848
-11.879626886528603
-17.605161161608624
-11.541474351015983
-8.105534089926563
-12.969550138638514
-8.560179564492266
-16.528910022194136
-8.800780571111888
-11.3086178084988
-15.764125040223258
-20.308634688594804
-13.634047277095936
-14.54243481953632
-9.032280250174807
-6.926650113640851
-11.91870845894668
-6.291614964703852
-5.299305024379681
-20.664911806452906
-7.941500860555449
-7.972217938425605
-7.06170158984116
-8.994760998012143
-23.065137800072723
-17.942517775961626
-15.32368747973918
-11.124617656700265
-19.79291073105177
-18.846148898938296
-20.004287325988294
-16.25625775393171
-20.987502595786736
-17.994439582381055
-9.05360981289642
-8.645888748935715
-9.524155933661937
-10.993161962406644
-12.088574615238848
-18.96268391762038
-17.207724205538145
-13.265976358848498
-10.944511625013401
-10.8460223215857
-20.656935311368624
-13.080554355800242
-11.54202606179673
-11.899478954491713
-15.070654701777551
-9.239161790322965
-11.105253658284223
-19.736048866298887
-11.955073418822497
-11.271838164712591
-19.551496258472127
-15.245164543488887
-11.72927707792703
-8.295718655410646
-8.704150173728053
-18.186836466164838
-14.436378273720203
-11.952164068212987
-16.891047532500682
-17.80526548776941
-21.57177533946954
-14.586123325678257
-8.2618240483588
-14.193665967330002
-10.260485989335653
-11.401900326921163
-14.221966842078274
-8.686921441237756
-9.383271559387147
-11.756684722666554
-22.41931351791934
-11.86731788729207
-15.308527714489903
-15.881749265410273
-10.340959223456721
-13.740467537803735
-13.878005910418386
-23.13415656350078
-25.06046047828042
-7.577900923833315
-9.493271102178424
-26.17623701415188
-18.83529820220337
-16.7702972126271
-11.865658641161275
-16.69701425557214
-13.128536364172245
-13.064645159693564
-9.474764808447901
-6.65354415839585
-21.766254714140686
-13.429190026549573
-13.651173808009633
