-24.399510008464134
-10.2265397054323
-5.757778826069436
-15.463675751234609
-15.11435118540771
-13.081243913138918
-13.449767961395043
-14.797591963082041
-19.404896969099642
-15.372222090308808
-16.7232403109345
-17.271846700452787
-17.537186093453315
-12.989368107812416
-17.414241894139106
-15.04217203833459
-17.669731833968367
-9.170399441938759
-5.513680747197535
-7.3496173419531425
-9.636435886505884
-7.319092224868926
-10.32467054153741
-8.478690680074173
-6.366741474798498
-7.416261365365939
-10.71362829719455
-17.244068284707673
-7.1292506753762055
-9.715457185098488
-20.1909718856818
-14.769481342729952
-14.508565077788635
-10.362952479146564
-10.182428221765093
-16.31068821306549
-6.221898379351482
-13.813222154688166
-4.905972397361804
-8.94585325481646
-18.958474220837804
-5.45219465616955
-6.038094035154702
-12.854137536841291
-9.632224021771083
-7.545834313008967
-7.093884949884117
-12.838188384321445
-10.564434635224762
-15.220971748417872
-8.572886456612315
-10.565790709235046
-17.3887770656724
-10.606224182407573
-12.355371806888652
-10.271235517885383
-7.417099878399128
-8.701057158202472
-11.9283771412317
-8.10853220198187
-8.099784610482482
-6.440124938859568
-17.83967066061659
-8.762234593440972
-10.111091165765588
-14.087970414572426
-8.031766222776847
-15.643051331346687
-4.703593553083906
-12.57649266506769
-10.588829591910336
-7.933871449651822
-8.983439080500101
-9.62976094959656
-5.975150316022549
-12.679553001740503
-7.32208335114079
-8.059256137191964
-7.225762745221285
-11.058409608961275
-7.06983280566463
-12.444569918484428
-15.744288967624934
-7.682485141478012
-13.984745960566153
-17.25394279429923
-11.877068540538584
-12.002247085182551
-13.059432764793614
-15.709607818811675
-15.040138485430726
-10.978726319251322
-9.279659379409255
-17.564290501615844
-16.02508836434517
-11.064304251073734
-10.077350931657282
-9.872778081819305
-12.463356218902577
-10.75875939628228
