-25.625343480846105
-9.512436101922194
-11.34544658669465
-13.476800091384435
-11.370977323934113
-16.17611906498484
-14.173912036565119
-18.471675546446974
-13.794464725079424
-18.187724250316155
-15.178015540525395
-11.531505076966926
-9.498270561468809
-15.956496010963079
-19.032346536930692
-18.735368190853112
-11.173852218791414
-16.839056563050356
-19.557880931816864
-16.779557324000844
-12.810326100932741
-14.431122063622006
-17.853182706570852
-17.937748898915597
-20.833919225010234
-16.37741495451054
-18.241017772116038
-15.230401617243619
-15.585323690709805
-20.534072539186816
-17.273347128487934
-12.263192498959825
-12.765926858672426
-7.4763115639284194
-11.806654726460375
-15.595811944618584
-17.0634762060392
-11.579523208308249
-8.775189175832573
-14.315338251813424
-11.435451698966572
-14.797487677777175
-21.45307726342288
-18.075880315788556
-15.059466133945856
-14.900862933208836
-13.824131405121543
-13.817901970107124
-15.075162036594552
-14.94467245532386
-14.340940373085289
-9.867227423999333
-19.409809213120003
-11.777846789592495
-18.044595880595168
-14.905062003030793
-13.49131170125627
-16.107957642788442
-14.453068902598636
-15.050417366873711
-14.38113417392977
-14.173875237636013
-17.61603364732162
-19.054089736522265
-18.657785974415788
-19.53478784815185
-13.20989885747523
-13.421732186998655
-15.186779020601021
-21.331395293646015
-15.672024338360893
-10.621881337399325
-12.713011054434036
-12.3850207574335
-12.278988411826296
-11.06649232244514
-14.36010955625163
-9.45158111755693
-10.556028796796404
-7.472382747156124
-10.726182440489078
-7.93522105594325
-11.663901508720848
-11.759808660713986
-11.888635615296856
-11.162886758526106
-5.070680765466777
-18.558141760034434
-8.755653378047265
-6.861310946360376
-15.195996745508216
-7.260460193948506
-10.712709833266315
-14.05455368688263
-12.088765177117374
-7.94927619389865
-7.940288624181061
-9.101959673964716
-7.516719500814344
-7.51597927871619
