-2.8976458165603383
-18.887916413811222
-21.40812764903637
-20.32598809951803
-5.335130973873543
-10.190316740044851
-12.085856606001956
-4.436468932082615
-9.295345729400555
-13.046098140643917
-20.077586696420962
-8.61209749794156
-13.367247829412022
-13.368507610110502
-15.304543810013447
-16.212962890824567
-13.711487050966118
-11.180950402514593
-15.635401163479457
-11.808382499997666
-22.550911755610645
-25.67543902686856
-15.883022982080101
-21.30357149043393
-17.143976082869116
-13.92535933605814
-25.145605103367537
-13.940843904171238
-25.34741637702041
-20.19796723275694
-18.452831182291096
-21.305312390217743
-13.68529298854797
-21.4100009762529
-22.158850256144827
-19.357875059059456
-16.44026256473014
-17.46384567820645
-24.157052044642718
-20.778296477901954
-15.000384778147955
-16.114055758106076
-18.672331376246163
-14.111740084560548
-25.493871477387238
-19.900302214412676
-22.971988634413602
-16.140567830185514
-25.77007632581487
-21.98403870743412
-19.522158193526316
-21.214329524661792
-19.94412371754048
-28.20227022202784
-21.248642679070414
-19.391390940669083
-27.329353079068202
-17.53672267840423
-20.355160506005824
-12.483523116084243
-18.037387614935028
-14.867583623274143
-10.906929647414184
-20.62224644768731
-17.62887227655272
-17.093860309832266
-11.629578248423416
-22.412569789311686
-19.379161241631625
-16.7459075018974
-11.941904702614583
-21.866362342101464
-22.67208489683425
-15.083002459160191
-24.377375882625948
-26.86108752488801
-18.107348689416302
-20.9914092138889
-19.240232381395487
-19.83016952742409
-14.130170895703884
-9.581921112662302
-16.07411180768588
-22.24613216718548
-14.390543205307438
-22.253840756097542
-18.583382646378784
-18.546684678031788
-21.914921945939376
-20.747053956351852
-25.197106026746326
-18.404349765507707
-20.370587524801522
-22.507152992331175
-21.28219457438429
-17.877675332812046
-17.611195556752538
-25.764495300790887
-22.48173368878835
-24.374563567707863
