-26.16597116844634
-9.629248717196425
-7.562459019587844
-17.484427343470784
-20.393103622142057
-17.822144823112357
-26.54218368070054
-10.816192236401807
-13.29502468628229
-20.666621452872608
-14.704474121414506
-22.217683672445993
-16.22947100935937
-16.080997882960474
-12.867859752211412
-20.010351902212154
-24.633182508221907
-18.630441806347484
-19.486784462784197
-15.883281718367005
-22.92469682551585
-17.37238937573942
-22.08025249134752
-22.200069827316536
-28.20930359692032
-20.862032026260515
-20.445989100268136
-18.16866185362023
-17.14378907645341
-18.046014543632694
-16.559716266634123
-14.278934621387302
-18.37801236611491
-17.264946463343655
-20.874652211306188
-16.00551593416088
-15.465102801820313
-16.335324372001693
-24.6070978208723
-19.24178684953037
-18.452964625597012
-22.547937331562103
-22.81319301407891
-17.206514870650075
-11.029351306732156
-17.024283672748084
-20.288455597384925
-23.77177918859924
-18.268523304243452
-24.312110090556697
-23.903583358826197
-22.597770621717768
-16.196945664520122
-24.461128052731063
-17.45990248995918
-15.328746856961544
-27.16280764666241
-24.03489955193993
-21.34463530828262
-12.332263024144217
-11.906457188817843
-9.86329398727956
-14.07897365769043
-18.561989758148325
-16.576874424223856
-15.360596048398328
-19.948181216418188
-21.40429455925164
-17.009415953844492
-26.467407245776315
-18.286082432915833
-11.414179010565391
-15.454994895524617
-21.727540067189587
-14.558942087909339
-9.16683849988007
-6.921804370429853
-13.931231532928628
-9.027817763674216
-6.571506300504831
-10.17552265093731
-10.895845542452069
-5.2642217835682255
-11.018463428519583
-9.375286306756495
-8.830159647702482
-11.926099051392589
-12.519873376743883
-18.501827372985794
-12.169012845055299
-7.02457135138619
-11.581750165875377
-21.241527681762225
-13.934514480822022
-11.820735822151857
-6.660289573785343
-9.182112176704422
-12.950879081326036
-10.375833911215441
-23.72035886807698
