-17.681829858677297
-11.575687654873677
-10.177685024155469
-19.230032978675084
-23.29690418511138
-12.702245077476753
-15.079356555154497
-9.617604684663005
-9.617848564117985
-20.411922329719282
-8.742398336731972
-7.901501408599649
-10.215072216404918
-11.90799713862613
-11.586803537662615
-13.301973810592154
-9.90578572438568
-25.21020141812297
-25.971159036199946
-26.024686785525805
-15.20556669416699
-12.996461345090728
-18.089729197542948
-18.923185082807084
-15.389362138460356
-24.634400756976635
-27.91837878291956
-19.99618018985571
-19.53484918986546
-14.166160161547587
-17.20257082912065
-23.986443225133005
-19.548433568499476
-20.291568680902014
-17.171133556578933
-21.56754351663913
-18.55706353981126
-13.48614544418432
-18.169106233783314
-19.99917598265162
-24.88995995847565
-22.804029993167283
-22.43748129991944
-22.321749762231754
-9.789890736823596
-14.379794729280269
-18.62537202433093
-21.27002301890394
-25.446546662438998
-27.868913371333136
-22.372254456097426
-22.430804668607873
-25.130241781341045
-17.80484959483445
-27.281284953944827
-22.983436868976803
-11.93752981404161
-27.176195187461285
-28.661038399541525
-24.934854096811662
-19.738700467534397
-18.62996064590635
-6.9237836912430755
-7.342562204119776
-19.093480319706273
-5.183909837163083
-12.950907950979847
-19.65731648999488
-6.471633924836664
-10.554680184531238
-11.389658931978511
-16.239323271238362
-5.721264685137804
-14.346128272702115
-10.396832388476955
-4.441456968087946
-24.058643471155456
-23.633736173871526
-11.972068122753129
-13.231943398541981
-11.117111576492238
-12.242518051608048
-5.757001346844125
-19.020957159220576
-22.135758499250343
-18.468503197644488
-16.20038087380347
-9.52422713397866
-12.680911662909303
-12.16655561896027
-10.430758206425965
-10.343978848329884
-7.5144351545707515
-11.289693358752983
-5.501079274452052
-11.684352413587801
-16.39289880027602
-11.776621330881492
-14.965238652023954
-14.913838053487789
