-10.933940135362374
-17.755541995532255
-16.747143665615855
-9.875659664290824
-21.36187838902625
-19.57536999258385
-19.015503979286567
-24.700949061591025
-21.543145328010937
-16.348202481902923
-19.818612737160425
-13.838457262377023
-18.00402228366019
-11.819947863612175
-13.115100620860643
-9.126081467267033
-10.833818353640867
-7.506438667443272
-13.323416428067262
-18.868797355012305
-10.00451710554749
-9.836109101838584
-11.93367126977998
-9.965736929746754
-5.434834161565855
-16.76145984571092
-6.076308339587975
-4.8522529622902315
-15.760152291637148
-12.281083378995957
-11.446646806242093
-7.354761809222064
-8.49206144460681
-11.686565398701482
-22.11789180625276
-8.88331100911485
-14.906456281649488
-12.726580435689065
-17.217014282692173
-14.127098886529252
-20.70196980357967
-12.10821862892054
-5.326787481115413
-11.215841690289157
-12.832069684055023
-6.585764523612839
-14.573588704292597
-19.79951747623109
-15.229431181519162
-11.673265127511424
-6.632777110917344
-10.178295525257047
-10.684436559140762
-12.027420098921368
-7.199158083569414
-17.44462541929095
-23.352956951712997
-5.562786394201518
-7.379253315825261
-16.222717271643802
-14.14510207604312
-12.94577459958185
-10.678051602813431
-12.202571849691305
-10.558821923510434
-6.741432846021561
-16.98955967476105
-13.874004039030911
-5.790689715551619
-8.520955894668996
-10.868925163803858
-7.40801709342179
-17.999680443075917
-17.981331040274096
-16.27229920333551
-11.527269294289988
-13.493431338191007
-15.652522194242422
-9.223206288516455
-5.27794966286522
-17.210952899818366
-10.942186494916484
-11.730091431118199
-10.711361955771155
-11.249784589974096
-12.535606937603092
-14.318662979259834
-10.906551272883712
-17.20753065965733
-17.883175016429185
-20.33519013495422
-12.850563225261412
-7.935069648351677
-15.783199302019417
-14.427994810057493
-11.475842923643896
-10.897385416787088
-13.753762860768822
-9.435767708931028
-10.845750100230802
