-22.146823646174628
-8.835061859041062
-15.6644295397125
-15.413905613417603
-8.678489856832432
-14.569118878131297
-25.963910639349745
-25.6734798571149
-16.91431600613729
-13.088416546235912
-11.783170916888679
-11.30631840991663
-16.54930419476969
-18.77188147650284
-20.632439506986366
-15.052156879848503
-21.419097890967247
-22.15183062111658
-21.22056947129088
-17.1212759352426
-20.528068202271392
-11.876174640435002
-12.4934465922105
-13.169380389669914
-19.01858623427585
-10.637375832568631
-19.725061760498274
-18.950068053324408
-10.335182971088644
-16.026290941280337
-19.18271124149698
-21.764973604591166
-21.77890104832397
-20.33978174507892
-17.362749662687985
-18.620259989729618
-17.379684861816564
-12.514554585222221
-18.053484948158342
-20.956194303671943
-16.999199166215433
-15.423577455835813
-18.78661478462977
-18.066515877167358
-21.901279824872276
-11.92951316960906
-23.29886305155825
-19.447802798500263
-16.876949980980825
-17.00713632556781
-17.000992683341135
-27.298050992896034
-22.233744623351996
-20.811054005129627
-19.66070346395069
-22.175625238736476
-15.684580085999176
-19.20953577538797
-11.205237488956316
-10.703651188511465
-12.582077257561593
-19.579162684352703
-15.138056618734032
-3.3576926568399
-10.90560887144705
-19.049423256064124
-10.972518862322822
-19.975097611431835
-23.171536610344504
-20.793507134638478
-12.851605586537525
-15.67310647289049
-15.166916293879954
-13.849113586326393
-6.635444493651019
-13.588134155109762
-11.145586368235694
-11.399153641016504
-16.626756047159205
-20.27605785169301
-9.059870269640818
-13.353756653653342
-15.494169950641586
-11.553305234490269
-5.881078656083662
-14.826739625953198
-9.849108321522218
-15.786265871939623
-9.567141539302156
-14.245008772914877
-12.17133275196466
-15.788477616078364
-12.785671864791135
-10.073470352235761
-8.161304031977984
-13.229939626975433
-13.816028749598091
-12.331354542307793
-17.815807872900294
-14.915138557131364
