-14.62499446348882
-6.086139873290088
-14.586929197575667
-12.993016087786996
-12.575897171353587
-14.732012717326498
-17.074717133777806
-17.74917993609765
-15.718648997347794
-12.263223156767035
-14.154227987012538
-16.91750998531247
-16.01465720063502
-10.942709482411596
-11.150987208770612
-18.11983735758728
-15.124430785094802
-18.23883761935092
-18.821703689808174
-6.29425611665771
-4.861712652197702
-4.534396041920037
-6.095101204741089
-6.020104565700861
-7.125495457380521
-7.00113946245499
-9.569884864776938
-8.249018551405648
-18.741733399099143
-13.796509752288623
-8.423792483047755
-16.62983679042118
-11.891079913792261
-6.3789035189130985
-6.867002257332766
-13.65182810057106
-8.714902919564228
-17.70629716859866
-13.820566485709076
-7.1205628563986565
-5.141095567526244
-7.768226348682578
-9.88552269809243
-12.782630134973843
-17.06495655878598
-9.392369038420087
-6.875560506987865
-16.64677842476687
-7.6609082709285605
-4.023768479410018
-17.704451464681643
-14.56469406826113
-11.592636907329986
-10.433628394431942
-14.424747457031167
-11.22121487500556
-18.677951500495062
-15.40963390864405
-6.975305349898874
-15.363476307117057
-6.772818401997542
-4.951721082980548
-4.665950743351857
-8.713311920687854
-14.291966196221669
-10.092468592092647
-16.94636054473574
-12.943525099461974
-9.812761694556373
-6.177541544754784
-14.961637519742734
-13.712165476999663
-10.184086368852332
-12.189349426987025
-14.445140601135726
-17.416200776940478
-9.346044938084914
-6.97020167571935
-12.572387449203447
-13.38802872545614
-17.15525155426476
-17.27556011473303
-17.600192212296765
-16.774628740864127
-14.401101108751371
-17.633268757963254
-13.961936151414122
-13.848016732888816
-11.033793457658632
-12.589708861373419
-8.502551538001338
-12.802836665491968
-17.3662010716753
-13.763146570759865
-15.761409710669799
-6.1533937348480405
-7.185674579900181
-6.330283594139579
-10.66007362078871
-13.294440157941457
