-10.224341823567807
-14.66465104810681
-14.234847864327898
-14.534854353713854
-15.44645189333475
-12.516347722997336
-10.530551657541768
-9.772818102831504
-15.20619297955362
-18.846698812537507
-19.056600965337925
-15.435450197845586
-13.6895716067574
-16.52963265655923
-19.369462244510828
-14.420718041355192
-18.117944517228548
-14.445824261758442
-13.223348659818782
-16.73280451043787
-17.373107294416013
-12.425054526380805
-18.509456112081995
-20.00441813656999
-17.6711457733791
-16.255692295060737
-14.757140992587717
-17.32354492706145
-15.020407652137132
-16.69731950679958
-14.92034921617199
-15.16859562189643
-18.4045150454155
-12.850808773410444
-15.400023282517989
-14.929792122537094
-16.65879735363527
-14.601712678536387
-13.702721006284872
-16.21583138292575
-15.556468887402417
-16.170227187322837
-16.450309565843035
-15.138991155821572
-16.929832184010767
-21.38803816973525
-22.45236018854795
-17.231232965061118
-14.635660608316822
-21.13058802304293
-22.07445635255267
-14.157238222978084
-18.00248182883938
-20.511401544218817
-16.67823348595147
-14.462714378924554
-14.23913074525191
-18.89838642563758
-17.573151991290274
-16.920478518098292
-13.517473764732989
-17.317196731415017
-14.208491688200708
-15.14120984819767
-15.733867685404535
-14.163848082187371
-14.74835564382299
-11.043193680013712
-15.654630671145318
-15.014543323524439
-16.0212288907314
-12.121417165013508
-12.036325338088997
-19.764027173901127
-14.960690145376123
-15.55770855559649
-14.058848337839915
-15.739354565667862
-19.68074262756238
-19.035573659207294
-15.690939417112627
-19.38652446016492
-4.165235830468742
-16.143261935755078
-10.640870064230807
-4.383868034373587
-6.197681766414515
-10.993133813221947
-6.7486611702527215
-8.501902661990865
-11.079198674934986
-3.6325121438583463
-5.455201901888484
-5.647611001864568
-11.02135542145139
-3.8440784967978674
-16.05407034752014
-12.753679530037164
-10.47682900651604
-12.724018380490554
