-23.022186376259643
-12.442117464863916
-8.728669248284643
-23.45649089109483
-31.172462593027735
-23.944297955357
-19.11966928484396
-18.591624168651975
-15.299866802331636
-20.845937952213184
-24.101150225988924
-8.015777006862935
-16.796838076617718
-22.23627845352128
-17.71983417394126
-19.4001063051471
-17.255013193506887
-24.559910267876827
-16.362623579559408
-21.45515333355981
-21.097795317900268
-13.603830562898516
-17.507845053755513
-22.56328900413334
-18.930852622571535
-12.582046320083757
-10.055135731937241
-22.43476752087347
-10.3830478016139
-19.507712378730293
-14.57368592346324
-17.584955001828448
-24.693204893969437
-19.681261876544355
-16.95551708101504
-11.976443591937118
-17.84810632737854
-13.371616393803357
-23.127154837917757
-18.217328629755336
-16.294963600304566
-12.676874520790028
-19.269159909030407
-22.13124381072333
-16.942507061932357
-22.090287576476335
-15.452627730858149
-13.06988346400498
-19.366316502905136
-15.331512725083833
-17.929222280472775
-25.82307034301912
-16.626882206883018
-18.80659450662648
-15.326504174778794
-20.081313770939623
-11.157187629484943
-11.640450853596718
-15.735940733527242
-5.300176124614173
-8.414133137886067
-4.701805590996862
-7.536308458135472
-17.905235681453448
-10.519237829379922
-9.369253549911564
-7.500869879708267
-22.181690364885053
-17.348104750631677
-2.609332367664917
-6.0533789718047855
-10.126114649209686
-3.501834812233351
-8.34542096326578
-14.87831212019861
-13.112542061314365
-12.516918770229463
-5.847171421684077
-7.3278161871141965
-10.123772582415473
-14.234923605061327
-24.362343988258516
-20.3900704460321
-18.66101691416926
-17.129200072082057
-21.748470223909578
-22.712134223176403
-19.22744927485872
-10.859294691403719
-12.47711218822411
-10.807372981877966
-4.891998149151668
-8.754579850607373
-13.089157479222315
-24.984022303865864
-6.995882857147678
-9.953942793699172
-6.503636462812879
-22.528465546816758
-23.514539400414822
