-23.102337818299574
-7.914944199679112
-10.895290127182838
-13.703418897756677
-16.74074350469307
-17.568911894565954
-10.334952219604608
-21.96217286297411
-26.447146486091864
-15.915666441955292
-17.978111043438563
-18.295641281009523
-16.582341735456215
-17.514906082755502
-24.523692019035586
-13.746919631522607
-24.400085533984722
-17.785564383064077
-20.56248532643793
-18.777297212775387
-21.24894733690981
-18.706736278647988
-19.79296843955797
-24.67020439198158
-19.894216286650863
-23.619662881107566
-16.333003554574635
-20.487413381176072
-11.160743380586643
-25.695978420038855
-17.11550394905417
-19.77962902118571
-19.34479116159993
-21.735356840519323
-19.583260384576548
-17.025442841090523
-14.985277323768665
-10.54931884555188
-13.899019127133634
-14.619222390873457
-13.955397180975279
-20.287340439018752
-20.66608546697097
-15.353662575722709
-16.47655410283804
-16.440214627517488
-18.021706631970723
-21.344316383997477
-16.544459730559538
-13.64128112653791
-15.638599496819554
-19.82724840392442
-18.10717339792088
-14.522777425497281
-20.988116447946958
-19.3984271885264
-24.73103049399919
-22.13865471568648
-23.357209724609316
-19.105515279390502
-19.205495648773876
-12.35302990721018
-11.214680992417321
-17.060249252104914
-18.93870468889128
-16.96542925660926
-18.21478596355422
-17.45514298738829
-19.08221430809146
-17.688320434478953
-18.081817768521088
-18.718619383021274
-16.956536281142395
-15.885190702320125
-15.525994813467692
-11.883990749808268
-16.22146783704558
-13.054244031244917
-16.376232057019973
-11.572387118434293
-15.342953758934481
-15.15685878466358
-21.872251130552435
-17.7454919489428
-15.785003030063903
-20.756913916117718
-23.95864428109089
-20.63254486622816
-18.36966542854463
-18.229077951519095
-22.5376896175903
-20.221046870357657
-16.92606910222177
-21.112301614360817
-13.314407680093714
-13.962988800959636
-8.779255209807932
-12.328729209241859
-19.811579360499287
-11.817982583191055
