-24.91002605920011
-9.954724987466872
-7.626492303707074
-20.901232172728804
-23.90271148546204
-26.208583858818955
-7.467774727439864
-18.388615870205044
-23.2252956316479
-25.183232515740535
-14.290778911366079
-10.83068045705092
-14.732754622159456
-22.88141689072798
-20.385758380339304
-23.91375702510364
-7.100388594357365
-17.987287678950615
-9.142927048956913
-10.771313128111084
-8.425960397664182
-13.06449176014508
-9.199143340505769
-11.7500398542964
-17.62916054779318
-12.616576081552175
-18.5127421144699
-14.141057949068658
-21.237893516867747
-28.834676996735567
-15.667549449343234
-13.981183784894835
-25.42649179576464
-16.06208061866182
-22.956985253677985
-9.476265779813634
-14.64127676558599
-11.130170260957854
-19.95424449564134
-21.45918015419456
-19.05875036768101
-18.634052944645607
-22.447296359628176
-18.654140674929092
-19.317989605360356
-10.988643952072042
-24.965072568252722
-9.962268933624932
-16.455688877306084
-17.243558070121768
-21.237613066769015
-25.522235180661262
-27.61110686551444
-15.032561686624403
-13.014642092181486
-14.430070276708436
-19.450024995161066
-14.443084591484403
-19.270186120632058
-21.546637699904714
-9.116514484078744
-13.730753550886252
-22.502960118228327
-21.857484013331387
-19.036070978216905
-22.29957366586686
-27.517240874855133
-25.05352914800627
-20.98111134138081
-14.86411700055583
-25.523147997831742
-20.729409788637795
-22.68626465734452
-12.054303012382084
-16.69775028700198
-13.696515528121457
-15.74332855346525
-20.076062018499737
-23.031888725353923
-18.871536130084884
-15.604334546460521
-19.799116158006427
-19.50601946677932
-15.552903312932184
-12.81847923881764
-4.152656722733749
-15.470069361686052
-6.651009484732839
-21.310806897089854
-18.450422853099496
-10.550242034281718
-14.75852723560629
-15.820094639458073
-9.278673361343403
-23.72555504456964
-9.995863098793892
-16.40350084739534
-16.620266146334938
-14.376073699369751
-6.871103001467841
