-20.012962356065284
-9.758961261122431
-35.30789690651754
-8.257307570261965
-21.652611791266715
-17.808042507650352
-16.31697140246709
-15.090134714197708
-15.77234632184882
-14.967480387963386
-16.541926309505662
-18.959634016799885
-28.15342692481471
-20.66886816682573
-17.34079729822402
-16.518952713279226
-15.430928601453797
-21.80633564878978
-14.973830727614615
-19.41880172282129
-14.11110325899988
-18.988634744952627
-17.431641368734184
-13.039986131213542
-9.542037101034008
-15.086457409661024
-17.437234202369144
-17.384356536254444
-24.910468309401242
-12.458757360650266
-17.63473103731841
-15.474844049005116
-12.115424432854587
-14.702240328032563
-20.3870828104291
-17.721767321826363
-18.150395482182013
-19.655420072174216
-9.016871290919784
-14.597279277729006
-14.119076636849515
-22.92012104858317
-20.55505030354983
-17.966630352844877
-16.382028570013162
-13.055314011530662
-19.866965916293104
-22.457182466861457
-17.78864808887048
-22.498591829937787
-24.66831882065142
-17.49479505575915
-16.879692308123214
-18.44412849115205
-18.156948302409873
-12.424926845160925
-14.757387624392535
-18.933910853056254
-26.82146428511287
-13.542230580086013
-12.54686667605288
-15.810459043462597
-21.9672156760576
-17.299346322917295
-16.030081258964863
-13.687865363788454
-22.47864684317986
-17.453821619345554
-14.50342910169202
-15.208969174486226
-14.321385967912079
-21.216294048056955
-13.50597157799212
-12.244833964742432
-19.53490907874387
-22.807178564257395
-21.316572147766703
-12.21171830464029
-17.524113255764735
-25.495804484192398
-17.465846652607308
-21.538837904158477
-20.513410489907205
-20.868373418759326
-18.56497897583553
-16.037226487731676
-14.446369459714873
-12.05234137981175
-19.944031319047845
-22.999738045341097
-18.34946706542309
-17.12266056526565
-20.351253897835928
-15.570282679924032
-14.147710138757157
-12.531590369197838
-17.398043048900963
-6.0614586326038475
-12.818454750282315
-24.6806881208414
