-43.45569435056749
-11.801452272162912
-4.440242511852219
-10.951108872404808
-18.985988652295536
-22.627256193956992
-21.68473763257466
-15.994293503151564
-15.092279963618989
-20.658892924696588
-21.465322295195325
-8.556546810569355
-15.653020325564063
-12.491172010843568
-17.164297759223953
-16.423851322997326
-23.249769054556083
-18.064305541579664
-10.586190160415823
-19.51526823620639
-12.777702258472807
-14.12920004874203
-16.29686028492714
-14.63429620570467
-16.911443512695175
-12.863769033574235
-21.625407126340747
-14.614488457741379
-23.749265054951575
-20.63107960839978
-21.584539979224147
-16.38062988064528
-22.194595290467102
-13.382375169715557
-16.33721892865957
-25.573147514971158
-10.283862684095945
-24.538230395825586
-24.369439043818776
-22.297240638877636
-23.01555348535744
-19.132543483097287
-16.414093361636944
-11.901513055825475
-18.79657029597688
-17.385780576810262
-17.952936482663457
-25.447276421997078
-18.4784701817416
-23.957178073671823
-18.22420396485424
-20.16368813254679
-16.173528117353595
-16.397728666291492
-12.142132431454186
-24.509889020486497
-18.055585314659844
-15.579593391269292
-19.68258168539491
-16.72793050325531
-20.90550289278581
-16.99437800514907
-15.150225135036106
-19.61909082663412
-25.073019739365137
-17.35754001710299
-14.393378748548841
-14.810214646694085
-20.76486009367075
-19.38298970409806
-15.758052992254106
-18.416364396756947
-23.738134815609868
-17.351813420617443
-14.950459589424616
-15.548781251418418
-19.4626055166973
-19.751385656869356
-17.123294126961884
-18.370028601714953
-21.803434744204292
-17.096487793402147
-16.789160741081183
-22.856377003205267
-22.87212059010716
-17.21973682305225
-17.282817038050716
-20.61844542727418
-21.280535916020597
-14.530767310801917
-15.305014914007227
-20.976890513833467
-14.143900138307705
-19.881603238754465
-17.8976966478589
-25.76123975551979
-19.101208504525417
-23.14958836311608
-22.54766347670488
-21.383793745913202
