-12.00875416049053
-13.251329959355541
-20.378748033986174
-17.401549447059416
-22.191917865102642
-16.356018582143417
-16.99951377048643
-12.095592503830696
-16.129595460491533
-17.032559579608197
-14.08834733209369
-22.162227588644527
-21.70796117820832
-16.18840468743112
-15.687902750221404
-12.326122780032247
-16.910560751431355
-14.652842273625042
-20.53442058373505
-21.408892106663664
-21.466410425389782
-15.847580034182904
-19.543853269783025
-17.901134099693703
-27.25124822199984
-24.318190646704622
-15.346257202909332
-23.51504127585346
-15.710727596380421
-21.62518600957886
-15.809983703219633
-15.129942965507475
-15.694591753129039
-17.798879847297012
-15.442644145079417
-21.436287027322642
-17.736939400662134
-16.09388233245464
-17.08154467426525
-17.29017868732371
-21.50610706866843
-26.820090748892813
-21.496012923029042
-17.700232507969396
-16.007256212467087
-14.620260460744877
-18.50149853788508
-15.321370787913025
-16.59112351798801
-17.658558488665907
-26.591408136001128
-20.520662667996657
-18.951963912696932
-22.255045260204348
-18.45754135156553
-16.86952893775143
-16.001413946553736
-20.282043075402797
-15.1647764963627
-10.17902385011033
-17.719735059895104
-21.28513510881853
-11.240115808873561
-16.72816886467853
-18.452565609699143
-23.24677754798257
-19.81055585121367
-18.40747817786658
-18.50057454610204
-27.37315631025234
-18.246396116589754
-21.093939852739265
-22.47886639381503
-27.552476469662718
-28.667061953746945
-20.37653498002704
-21.29918709447319
-19.492023331047307
-17.195627055750528
-20.138972243438396
-22.12953632689119
-14.906171174444033
-16.790335299044326
-21.36637381301599
-15.339000883051886
-16.835043394363737
-21.061020867929436
-22.738172595852582
-17.717661636428563
-22.3077792692284
-11.703021721273355
-14.431294922313423
-17.324242676398207
-17.609058720320494
-24.900769219085966
-12.391140979756635
-7.6653382105896695
-14.636584583076745
-18.806672679862704
-17.357206138869643
