-22.710849347952955
-12.208997238410673
-9.620743154820376
-18.06878647357375
-19.835608837532323
-18.526535306820456
-14.932770155192678
-22.120711269050407
-21.21311413007074
-17.453337220973182
-15.967198996749982
-12.026206521999786
-19.219084606866886
-4.924505487425969
-11.966221921537823
-22.789802243497913
-25.53754340249644
-22.119874441692623
-16.338092558283435
-20.705494312785216
-12.248833537402305
-20.528919067903338
-10.967010279563993
-18.704094668054363
-12.869040873743074
-15.417853575736123
-18.022589127805862
-20.767287002603478
-15.316773211933583
-19.22447965542924
-20.994787574187665
-27.534069676117284
-24.52092341821369
-12.557308738697989
-13.180041002092484
-7.7825784542319
-17.31248623925132
-19.027119993264883
-17.920489799483388
-23.964791524606227
-13.789946503024009
-14.170924368841742
-15.234351909256617
-15.237205704581397
-17.950664555464186
-7.176386065365591
-11.67630643019599
-9.64031841160437
-15.225497115325933
-9.872783324694739
-14.081353393780333
-22.464582598298172
-15.083008035174593
-10.315589560895871
-11.65507955784334
-10.026246606662149
-9.81634196162354
-15.145766090462503
-13.23949031766454
-7.034929314842332
-13.169088307825303
-11.535425944229772
-13.822090304039355
-14.429106853043589
-17.190416606810636
-21.624328670425154
-25.710016622339257
-25.881986596153233
-19.825113902534476
-13.627069702621194
-25.693093550776403
-17.17300128628149
-6.548942100852052
-14.34898479612417
-6.773981231767221
-7.698334296506975
-12.207623720599612
-11.261801377199033
-7.484931396725838
-19.780618020943532
-21.57718656941905
-13.265336155551596
-14.653030718498094
-14.200249226259764
-5.925042835617506
-3.8517118872807687
-5.976935620555552
-19.05935867908603
-7.2954317496979195
-11.703587290267565
-17.86266421094844
-20.016934031320574
-27.598053164301973
-19.423591530834262
-11.319732199186333
-19.370003200482806
-11.714589390311412
-19.01843442607652
-16.648716544169226
-23.98181113960787
