-28.382931852311017
-8.646427147495103
-5.403976765709134
-16.112191961542273
-21.818384350925527
-23.303829217537746
-12.584963991793222
-13.917408704974028
-15.80841731921613
-10.299088156877758
-13.085961026587503
-22.339469895131646
-28.25854732084012
-20.82075649482174
-20.0747133560223
-18.867433904217375
-17.22505204653029
-15.373392631416309
-13.318279733458285
-19.463185425186236
-20.206154211303247
-20.11662199755052
-16.175535300103597
-11.046649978409192
-21.952134996442062
-19.93522046889942
-17.828665053599924
-14.358034498169964
-11.794745910944332
-16.607500583545388
-21.016265006055402
-12.71861555078205
-23.90999720072535
-24.536705037712558
-13.790142608050488
-24.528386955620114
-18.5511146825564
-10.490752694018857
-10.86710907909003
-14.39922080371145
-22.406134843051216
-12.217128988013828
-15.958804646461308
-12.673228182934674
-16.43832870789151
-15.622238426559917
-15.298944360690555
-5.687599067082474
-19.49714475552988
-15.512610787370946
-16.401695582707795
-18.643670320106953
-14.275099043633597
-15.71242882510006
-13.540002815213743
-14.288498739916358
-20.603183461409778
-18.654464083192234
-26.682305692593967
-14.429630536755523
-25.123132419366776
-12.751234346407747
-12.862459779285615
-15.189768370936612
-15.028492200573517
-14.167719202589566
-7.836341896146635
-23.096239269358772
-17.038331628745393
-23.28683364078191
-12.982293365346981
-22.08063070729783
-21.71032944566626
-17.083356881789747
-24.140776298965616
-17.5515219328881
-5.739037947822829
-5.900847753000896
-8.912454608757947
-12.971681619594573
-15.294924194327855
-4.044291882189344
-13.270180003112497
-6.894621558388513
-12.583700767039534
-7.3254201059107915
-23.65106133562722
-19.855672446935476
-4.633071458092628
-11.189548542069753
-14.294655265696916
-20.13228284459888
-15.613327619451258
-8.393684833066462
-14.610168163552242
-10.655760086321655
-11.90559512633708
-15.686087229905189
-21.294532954950444
-19.280265063965473
