-24.52495745191354
-6.7905849817343364
-18.237079978422095
-17.322692345490747
-13.938396809306187
-11.490700130657071
-20.584747790953934
-27.454915212756816
-21.552055889388736
-23.240045867791878
-21.54633405560258
-26.67279158372107
-18.94066776720298
-20.794427480521076
-14.230057852166514
-9.757129890342636
-28.405193447986733
-21.504315724978312
-18.850821465596823
-12.561682229398338
-5.96000718184118
-16.301408059793065
-15.877055382840231
-14.771867195493979
-11.853521415307995
-17.717404243142255
-10.02278777019269
-10.79413107675987
-17.16746417989094
-15.713860030850045
-10.061398497926847
-18.528290842488744
-12.488215032355434
-11.500810034249088
-13.723039960333208
-19.590822788072145
-19.783869188641845
-16.06204789622237
-18.887855599477824
-9.814963938398241
-16.499466492890644
-7.585475076493722
-18.441160127981355
-7.098992757075492
-19.384555144036604
-23.133421426599853
-8.562355940359003
-9.924501815338267
-22.382571630334205
-18.32764812942868
-22.328056242274663
-22.22840914780093
-18.032905369045196
-18.004519561090106
-13.38616747759833
-18.763240555496832
-12.683200060000493
-15.195446590464845
-9.257060891913719
-20.651563961242477
-19.357766555785037
-19.310238851118584
-11.767084754533542
-13.644005249869481
-18.90390975368236
-18.437110207448764
-18.9037908508215
-10.62199670660933
-6.762460751778321
-9.260297076010662
-22.73574158050527
-21.409584434575464
-15.496381518875907
-6.730216461025092
-9.84863853588938
-13.281952600149353
-11.657917515168398
-7.645767482502909
-16.601381872442033
-16.462548973498073
-11.25052899249044
-18.348543469679793
-8.56887625087697
-14.308127721451138
-8.596816202216669
-13.758374663073665
-8.217923465076135
-10.43316860864927
-6.893546413831597
-18.854350180791073
-5.3787934019945896
-9.695202372174812
-12.895235890216926
-11.011940756748716
-11.258009314335448
-5.446420306232842
-14.371412948794621
-14.39250948798517
-16.430044807068697
-14.067832878076306
