-23.897398243152637
-10.951085417520744
-17.693092838649374
-12.053841393385916
-11.5204972262853
-10.397591297459204
-15.426710079319504
-14.616099764905648
-12.635246525733253
-13.953158866086802
-14.211338043156358
-7.500067407492163
-6.893776781774494
-12.223748463409446
-16.867694126344166
-11.503082345069348
-15.460842295489547
-14.997682032794998
-12.96232895559243
-15.083409818279602
-14.280996515634646
-16.11680906342166
-13.097813572443526
-16.274959470023074
-16.364487345788376
-13.076212307769733
-13.145992229706719
-17.03657302812212
-18.685272072696435
-7.756862385470965
-13.519619568313708
-12.107784278226534
-11.835840621086787
-14.781644950105726
-17.759403527072248
-15.42476166160317
-13.676992690321237
-12.9794070225363
-13.683802288453368
-15.975369542865488
-14.908135844809442
-6.796865113369349
-8.033024101847369
-20.724341432814068
-20.306412575462417
-22.465501913589407
-19.559516352364767
-14.689592845278176
-11.026307119231134
-8.534593352104734
-6.341930038846503
-13.170700682659971
-11.707929986892989
-8.246361119717001
-13.72750611272249
-9.372299121903938
-7.877387272954563
-4.797841868686498
-6.322413363481236
-5.01998991205729
-6.558647764816503
-11.831821690978725
-7.289300333840695
-4.967314984998619
-4.789118768976892
-5.442521838759402
-6.20451518294198
-10.66113126015535
-14.62200463195769
-18.493270339918215
-12.111132810778264
-15.294280089890302
-9.883309116001241
-7.944945636861212
-13.424416043014118
-3.9208447104889834
-15.546865307476658
-11.414266940024675
-14.531550862585549
-8.32887402575317
-11.951928995180314
-13.356921063115237
-11.10155252100778
-14.424423548704214
-15.85521672906028
-16.05152502608325
-8.24379290913636
-14.27133543631209
-13.09172762398371
-9.974395471523565
-13.285158052396733
-10.744878253197408
-10.604874050376365
-8.846728733871839
-7.198150922388883
-18.479406106306435
-11.294358085053043
-7.9240094860814345
-11.390769393737989
-14.254845837215266
