-22.366143969696793
-8.06983727027771
-6.975573775645476
-16.085553836676127
-10.799304098258132
-13.602567844333088
-11.925486951054456
-10.111758425771352
-11.789303995262186
-22.02676077087566
-15.368696645870997
-16.35930179529726
-11.621560428511515
-12.40894885304118
-13.917017908851129
-22.654594546626576
-25.823840400470004
-13.297264431772408
-18.427580756362282
-16.243550840473265
-11.486208010698038
-14.609186673179234
-22.608846058598353
-18.25349896823594
-17.217361184117237
-13.429242881623857
-15.045551216043599
-18.108893928053796
-22.116775044796924
-13.74436816701791
-19.067580065675646
-23.086058440373677
-17.44258315704498
-21.805740272704192
-18.86770347870817
-12.658341890519182
-16.59188410118256
-16.688560462820064
-22.101930712142405
-20.581210480527382
-15.612145362561327
-22.44586540663215
-12.067268832263343
-19.800725406283078
-13.089197920524908
-14.789242435667429
-23.023077994276434
-24.071701324244827
-22.18563983851289
-11.630805293284169
-11.830807398765694
-10.031548625588197
-13.608444988687387
-10.12853970703319
-26.266485188570133
-11.127975429979221
-12.859688670597158
-14.573353968423682
-8.225669527641907
-8.682642546238991
-17.0712791896733
-24.060432446534403
-10.976990720108265
-19.2423688943288
-15.081348794067113
-10.274061179787822
-6.864506489880826
-22.97789333866536
-23.44406068533582
-10.813286694427353
-9.693856263884076
-13.245857710995327
-13.47611475654411
-9.448944905915827
-17.412249053377636
-17.530758417974166
-11.104520916090145
-21.73553292970221
-25.83298317050528
-5.451123275831394
-22.027567371399602
-11.363414721117724
-7.441602704002842
-8.674252509942573
-19.96356563944482
-8.461562173529703
-7.3404789851094785
-14.177558848431474
-23.675634085991476
-20.350365036199534
-15.42827870470478
-10.104909122991733
-12.459959095360736
-10.547242297665747
-13.596671330360778
-9.338692000634682
-13.959921577936171
-22.95612282909071
-9.094838169476494
-19.558310726438197
