-24.7323950422776
-11.227339875662835
-4.972557926673623
-17.89873172946192
-26.847835691014513
-21.702904538283022
-17.522636556140526
-18.674009758052613
-19.20711592820569
-16.51622401407803
-17.398084966182687
-17.741241692171933
-11.923760880821375
-17.840510101056307
-19.50158128254339
-14.455428260050066
-19.218051009986297
-20.75919427350188
-16.380421205634104
-21.283757599748032
-20.744915017562466
-10.454204578028412
-14.866810966892464
-21.81077437565019
-20.575363866297135
-16.33252172838858
-28.071564194633822
-25.188224586672668
-25.817154863197736
-24.081291469429182
-23.264997705120216
-20.785015832867508
-19.000810302688286
-17.18043897697833
-22.956669534080017
-19.84426734685812
-14.852096815493866
-17.08743548314341
-18.628755962792237
-14.717073673463641
-17.923805212317664
-18.0324015721678
-26.870927395581603
-18.41571210377085
-19.063212812522877
-16.361470047556367
-20.6762781770644
-14.194191079907378
-26.822936471908196
-26.944978512313213
-22.369395933736207
-22.539847182641928
-17.30216786004184
-14.606251671720106
-22.264140967799893
-21.708552936620684
-17.751236837751314
-18.220878853845
-15.560101584108299
-21.612520140318836
-21.175949494476892
-14.622707421978419
-27.272246475701433
-16.742137958302997
-17.12074523259628
-27.66367329880979
-24.98335900692604
-24.04442851138116
-19.56407952664074
-14.776662509266846
-20.6333690340846
-21.061441345993646
-22.367898544797377
-20.053787213878657
-21.15226343169177
-15.793357198348488
-18.288224437009028
-21.252696513825793
-11.950831872591394
-28.2907320048831
-18.564176187281586
-26.017883429551038
-22.729581037115025
-22.874681542676946
-19.52775361604008
-20.59449114849906
-17.781875107718513
-11.130279952014632
-13.53979773007857
-19.957077336200506
-18.254128276447084
-15.204419699184934
-12.04460582185221
-17.96606702641092
-21.32619675083141
-18.110962072655074
-20.336342379964787
-18.190361053131298
-14.88654380732463
-20.553942068412105
