-19.096532298632315
-12.768175085326428
-10.114321607568437
-12.834286760844591
-13.411848062315736
-13.825767362784314
-14.840829785798622
-17.064017360506867
-14.226100495823715
-16.89945195061557
-20.688986636062012
-16.904269294068868
-14.806269127075444
-14.476226414156606
-10.171058595630038
-14.088609617001811
-18.778322440984528
-12.916276160337569
-6.840636094783749
-21.37178100540042
-10.372808516457852
-20.193368014901484
-18.781521228030233
-10.35732160939095
-18.726207330624668
-11.839717367990115
-13.32022185355506
-8.95671305166435
-16.416622677935408
-15.929611862619117
-13.807424296964996
-11.617963223393584
-10.325087461708506
-19.77577538721665
-19.48273880375638
-19.182071888221394
-12.18664972093956
-5.819318166924258
-8.804426513551693
-6.0071869112410266
-5.0518961458118
-5.879603951722823
-16.423175209943988
-7.702541881441042
-2.5169962738452876
-5.157258157930982
-5.042045396288629
-19.428516677989222
-7.996930729468865
-17.990318119887586
-11.97056967441876
-11.728667127542224
-8.090400231086752
-7.156779470565139
-8.481320270063671
-5.906293514516079
-7.382659965619858
-9.144000201053132
-9.91324656046351
-16.254286462334758
-15.880445282152948
-10.477744619610014
-12.14869825117711
-12.343439138975379
-11.056308278075077
-6.9277472881130215
-11.790857667792705
-8.240409411008772
-10.093013514780486
-10.125868629269505
-10.840046352871921
-14.288067893188952
-12.142636068445405
-6.098978003012499
-5.751429868242095
-15.72096997664636
-6.033628365323031
-2.622508593057919
-12.304922817809844
-20.598372258275216
-10.837610819731957
-9.576133172641548
-13.270231821461566
-15.583327778536471
-12.357240233119013
-11.878878701170343
-10.611820674866967
-15.595674399695282
-12.556713203043026
-8.087778319199183
-4.781224312663142
-11.697334487529535
-15.600542438578815
-15.601139774689583
-11.723351000490565
-16.086188778018844
-10.146805022470714
-15.352031878492635
-15.291417869194605
-6.574159312221008
