-24.655622221345027
-9.978378445979654
-9.222184690597622
-6.651067459105259
-6.48311035149747
-3.780792696294523
-10.640355779911646
-11.964600973725117
-9.145606199134328
-16.871876990104013
-9.070444100399039
-18.910782265396065
-13.986493159123013
-15.09426550762117
-17.30402028426391
-19.0864484738592
-12.3052588497401
-18.043101523517908
-16.370188004965605
-13.323326902799414
-14.949115088808862
-14.479439692519069
-14.188430371415752
-20.034053380362927
-12.535861770667598
-10.492865471322583
-13.882352430318809
-15.968486587550169
-14.769767061609395
-17.760942595943952
-15.598313008947406
-12.001061283368589
-15.13011631452454
-11.548995769390167
-14.134443094197072
-13.835183177117719
-11.642559585388158
-13.048857178249463
-4.738447838326728
-16.354647374417894
-11.499352096273867
-5.3649343250459
-4.1145746539328725
-19.19370113993242
-17.37777783988853
-12.909977371892312
-8.53991804719269
-17.57760844065963
-8.91931623101718
-8.35870939210198
-7.222060876416805
-4.113945824743667
-10.603600120537143
-8.105737037326632
-12.336315474455905
-5.654006547362338
-9.049431801390899
-9.351109653258302
-15.33826062887417
-12.811763351622307
-11.30641282572795
-15.910849328572288
-12.889307399133735
-10.59152674940292
-9.390092911046118
-5.488343353682098
-13.317279058664996
-9.683270471379078
-8.73089245027645
-7.656820160144351
-9.196951508744242
-11.969271363063836
-10.099057729845482
-7.11991082805976
-7.852502251775694
-9.235004651989561
-15.514828327330342
-7.100547147241023
-8.24779615547886
-12.800095342504154
-12.120581730846132
-18.858976630156867
-10.222236515564225
-10.59641109732245
-15.699203223278412
-15.561573410607828
-11.652066754068038
-6.818102504054502
-8.245023746108503
-15.278508146214747
-8.764587375934916
-15.772812533608056
-7.007526392013989
-11.493952915271809
-8.456715644818145
-11.67642158416584
-12.191880019230638
-11.915707080694744
-9.889506336358933
-15.681619541823306
