-23.504008108093206
-10.865750740047066
-8.417033916268407
-17.364012053372353
-15.790114122317657
-14.41014445535786
-14.917571949335468
-14.450088404646657
-13.216261868143992
-14.27791364422462
-11.63097926330802
-3.7965349864357063
-12.452060009523949
-13.652176585554878
-15.036450557265901
-13.032326824679883
-14.591396851335668
-15.09976454641241
-16.90188097260999
-7.268819988068804
-11.844438950738976
-14.912348304177737
-19.49396393460742
-17.79964364886099
-19.245782879845194
-13.76218341512559
-17.377700606740508
-18.493265157516433
-16.46574917012396
-8.813780368125151
-15.876444413822918
-20.20883422345342
-19.161477798901192
-16.26749491460702
-13.706098779040659
-14.815062856670588
-16.95516693448163
-14.738130562036194
-12.80948369499086
-9.461268009298742
-10.689704180424163
-12.409768285877666
-16.89697391572586
-12.706791654722926
-2.0133380449458858
-2.1419444863459156
-9.299455620267882
-1.8904340688149628
-3.7348855336698845
-13.698608639178039
-9.186921558163206
-12.5830860724714
-7.134557056676076
-17.439631026150508
-4.751541134734981
-9.776766175530234
-10.276827888095047
-3.2438007371046114
-8.980607091981836
-14.59269581003989
-12.344370660136768
-14.731309381721328
-16.665469569396528
-13.960389613692742
-3.990060507478776
-8.521598265967217
-8.52402399704137
-8.60207791732843
-11.889858195046301
-10.524241091010518
-17.257456610538004
-13.428722482536648
-11.099496429443047
-15.995885728492725
-11.658514310755166
-11.827535464862768
-16.160190222042512
-17.4209118304767
-11.046680467229955
-12.085189122136104
-9.823255038439155
-13.107585336148523
-18.733366601093667
-12.612054589415335
-15.854018547829194
-9.380173548800247
-10.18094941070054
-15.318262800344536
-10.719460337735494
-15.330368919510441
-10.601631633361885
-6.652774258338187
-12.329534333267343
-8.39686138447001
-12.430887806229622
-10.645050277614455
-9.753140568760864
-9.921112440026914
-12.826918854049685
-8.625951050950366
