-17.59921872654481
-12.695994201711017
-16.924253506190155
-13.521854221192191
-12.716953725509896
-14.630011191449759
-5.374181599199403
-8.673748664649162
-17.779522236619222
-13.79091325330187
-18.697242039881093
-18.259307484666476
-13.014720115347258
-13.307033357218256
-16.683472328403152
-16.540320854522346
-16.04741806493316
-20.649185934426136
-20.248048011198794
-14.706279268657147
-10.901550007486692
-13.00751937668902
-16.425400127906087
-16.391904222689845
-19.977092081822082
-17.702688305479175
-21.698955453852868
-16.61705641856405
-20.326579199943787
-19.37183220552574
-17.45077365615755
-10.120975188179532
-9.679832013760878
-11.644824515893882
-15.722037741345826
-14.698306028180017
-22.896711576750096
-20.026537764987662
-25.58359092737263
-18.829483470022705
-18.37946265110997
-18.676069546821488
-11.537896894392443
-25.3073917388923
-18.755130265999743
-15.841238348523653
-18.175425990997702
-22.927680233115233
-16.765482962538552
-22.7349263165686
-17.098771080189398
-14.006677611791682
-14.640450788485376
-14.74599867344005
-23.36793269277999
-15.802833404544396
-15.24400826712457
-16.37632478017695
-16.85666355494783
-16.40180316973553
-19.7720562069377
-14.524591454874798
-16.56904058213519
-24.064714058852992
-14.158157283020467
-15.419648758366257
-16.2199079472516
-11.061294164167448
-14.746312215723462
-14.763320168079092
-17.420450755550576
-11.551343345681008
-7.118867755515545
-11.3843925905551
-15.433993195627078
-20.53987203710593
-14.505278687227783
-13.393526724575054
-8.238340521893408
-22.263187381688205
-9.224245759087704
-20.052035935958955
-23.73549017212855
-14.565912556650456
-21.41777160786292
-12.187734114823307
-23.408055542843076
-24.105130495101474
-20.555147708806274
-20.651906313717234
-16.092778527376687
-22.10052604823976
-20.31239116106267
-20.414392025114015
-23.60538869609379
-27.980789872262722
-15.48920303634295
-20.509367856894066
-20.096171967698343
-18.59233851615013
