-26.26437573396638
-12.845664771741937
-12.476252586241646
-16.0210078277268
-11.700142923189231
-12.834762353560786
-14.781437615577154
-19.521173565392495
-27.06790624685854
-17.43223403488431
-19.863043202000053
-25.851904627410498
-22.830945743178006
-13.363940960516569
-25.809873205354176
-22.570442306689007
-17.666636050499843
-22.331316330446022
-16.016275671375
-19.173308873801396
-20.81701262962496
-17.92667004283366
-10.234367834661722
-5.843005335943385
-26.75430000149681
-11.165886297045544
-16.12505315018448
-20.282962034734936
-15.396577869274504
-19.985391027778128
-11.059301360682232
-18.117575957837126
-8.238850900662799
-18.955641310543644
-21.268768205316825
-18.43997864212447
-18.816089988328503
-20.85325281168796
-21.825039004452265
-14.663405306557586
-20.17679519811437
-17.36000587199566
-16.80693171362965
-17.20648216292543
-20.070140758605266
-12.389500528116185
-16.768193977132658
-23.860932392587316
-13.428661883343757
-15.793997342531492
-22.17756152634254
-13.548815302904277
-21.181332577185515
-25.8285333567787
-18.85902669601276
-23.362669676711125
-12.854192364828261
-4.365617487143722
-14.04632364589451
-5.486897147316959
-20.160940448615932
-12.6795533636218
-11.24657661295343
-10.644262759919338
-20.453302958302565
-5.938318009041801
-19.187967018370408
-9.696712550969455
-10.098315647811708
-11.159542520681335
-20.84160176484276
-11.898688570741243
-5.03401335945605
-15.801668451805808
-16.258089085125263
-9.397646111194934
-18.24963268401152
-8.629374498688392
-13.572554079791836
-7.091301272968047
-20.546301855808615
-9.830617690568374
-10.220717654423016
-22.77640070940681
-15.880246471331775
-19.09790938999407
-11.405521708596439
-21.15206151934719
-7.852682487659777
-11.676158347058639
-15.97023255450869
-17.720656988568674
-26.622360448483605
-13.25289362348913
-13.70195427051717
-15.925940953271486
-12.73561505891151
-9.90077882571758
-15.408072377497449
-15.627191253060936
