-20.13162651112132
-5.373558905322294
-12.54801823843199
-12.853134547873317
-20.31728899588909
-17.882020565353656
-17.368812327415007
-18.708775733093557
-17.123918772742922
-7.842272056418038
-22.417793407600293
-16.058047478299418
-18.633742810201124
-18.645663999691543
-21.72963835960315
-15.185344961621734
-15.755464483928597
-13.322349526184999
-12.107663997320387
-20.531679453845754
-9.125966621458629
-11.953917292663052
-20.6855382596446
-17.33960203437598
-15.29954524660312
-15.803103938161593
-22.629257000921548
-16.577909794968157
-20.94004883221138
-19.320251544925714
-18.28069487337355
-21.001151130156146
-15.22677009930334
-15.053283762338229
-15.190696493742958
-14.322224861201313
-24.639277004488342
-19.093076372097535
-16.27197793480937
-17.948989385569895
-26.04935852936703
-15.706432515403266
-16.61303549763583
-18.633762205891617
-16.613945664576587
-12.453744035859375
-11.240416184180274
-15.407271912893798
-16.032588680876774
-17.262297755151877
-15.99184039349077
-20.326711967572674
-21.133672603643486
-16.873059075907573
-18.919253391567413
-22.64470708106129
-16.069957107161816
-14.24248770714191
-14.231518596855764
-18.31279477433825
-13.204893491922045
-17.14699293948934
-13.64941278667978
-21.91796622406173
-8.208229002952722
-12.66391124848783
-15.164428446757595
-12.747223830284014
-9.556801325622372
-17.947977919523368
-22.149284607447203
-13.797548331024595
-16.849060484375812
-11.31431103425723
-9.732494480313493
-8.673064423944917
-16.610293804993322
-9.512624410589925
-4.901128222997841
-6.981625500164404
-10.359968347878947
-6.469683052601172
-13.640980248963336
-6.881786654416168
-6.893807000398574
-6.667058121314605
-7.408162657597781
-10.4346103984718
-14.852086530897237
-8.116978898613143
-14.572085444292133
-7.516016522866407
-8.057779399074946
-11.699518348787546
-9.023679302434806
-10.143013585586163
-8.569257871625696
-6.504335907432085
-9.327021027478075
-9.415237924751436
