-21.809582618077542
-10.690219599704339
-9.29942688728082
-22.232550929445125
-16.38641715989163
-15.007156208713816
-22.73393561931261
-15.220169885778745
-16.4098436506024
-19.631463628024786
-17.91017862176127
-11.313049773426588
-20.480940337809294
-18.4439750156933
-19.851879582691247
-25.839717626845182
-9.129600026423459
-20.110744156929282
-25.4309369978097
-21.319736115432818
-23.635144952954832
-20.107486715585342
-17.73922918318652
-22.348011297766448
-20.656490176797917
-19.050190573148512
-20.3381529242873
-20.017462934280843
-16.860237139148115
-15.05681868044176
-16.303356227913596
-14.656977993338558
-18.002644981835253
-12.765223841010501
-13.418811022507773
-18.259381945972468
-14.203656991030584
-17.058671210546557
-13.12128496368219
-24.068067801186597
-27.208447472268773
-22.440747800049472
-21.62916423503868
-17.56629320752579
-19.221747127432696
-21.3610987115797
-19.954639660621133
-18.491714204597432
-15.395694096587293
-14.705406904930276
-23.003802511406956
-18.44899094898773
-13.826628619694509
-12.067195629614684
-15.158942601085112
-19.75002317575823
-17.819196534976246
-16.72797430483117
-24.12864143637097
-18.83801883571386
-19.451069324709692
-19.022481130157008
-14.235896780266865
-15.186357534219582
-22.732814958870666
-24.010171688323048
-22.94011637597271
-23.52013676430908
-21.999951810584776
-27.311637208465108
-18.49047445650187
-21.574079767040423
-22.47098497853691
-22.04099100130974
-24.423516296048003
-14.970909168623127
-24.720185286499536
-25.41939410291148
-23.97328459494518
-17.125498642262954
-20.74713922227609
-24.415257134967796
-16.64416646555051
-21.042182161307984
-22.34203549387007
-27.516677370240437
-22.08444689776048
-26.032244949765698
-23.489203458654735
-21.37573535052302
-12.213889152960684
-18.887590657155513
-16.99635059318118
-17.921528711710987
-14.522480188680854
-19.884756660307936
-25.199523625343993
-11.636774729202592
-19.313737472036436
-15.389740089702883
