-14.907599428662513
-13.151392540827398
-12.410939374456623
-17.16355699016347
-17.032282660948706
-16.28913975312556
-23.301824699843518
-20.31619054734271
-18.59341191809906
-16.92374414718605
-26.132044688016563
-23.23544117236748
-15.425120567069591
-18.946370600824245
-15.583856884704955
-17.911511634907
-27.907005155967223
-26.650716319067367
-19.175053767143684
-13.35368097281335
-19.12007527962702
-10.343929129703028
-11.873384671327512
-14.608386411794157
-17.105550121060695
-12.604877652281932
-21.34980728447773
-20.2074136877546
-17.053853908729355
-17.077041654394176
-19.019618904645785
-21.62298703070524
-10.928454466217163
-9.962465657851611
-14.6649796420488
-17.699561816398454
-19.779244117285433
-15.688448990509347
-18.41647668638254
-21.642836403728545
-20.638117942030902
-17.56897639745727
-15.060323174263118
-20.074436440848608
-20.17184678514326
-14.22026531131861
-10.638595826652905
-19.967316063263343
-27.164639254377857
-27.75258358308232
-22.388936504932236
-23.132776836286286
-21.05728960864279
-21.466419657003108
-22.447432320222344
-11.28840908866528
-22.905657813327032
-25.09443835607245
-22.555288199282963
-17.85991997797513
-16.657322333016914
-14.082214618433188
-20.172161313749992
-20.855895047886012
-20.62623481358546
-15.707738408332903
-22.416557221980558
-23.608520539742422
-22.968998713868917
-26.138268743629684
-20.7639508906661
-23.838105381549582
-17.075436888302832
-18.641263579964413
-13.333120595883411
-16.754000719944912
-13.342991491755537
-10.25112292298382
-17.71798218481588
-23.070139090603988
-17.592179244286537
-16.438673148400696
-12.397690975384627
-19.252611497759535
-22.408918710181172
-19.986055610249853
-20.643544381225134
-21.831218353742194
-22.012754213133803
-12.204504425360467
-10.77483405633208
-7.535575615226879
-10.483053841148497
-12.25669299431393
-13.434063496214996
-14.028272118105601
-9.597465706099046
-13.451884465388757
-17.349021235967832
-10.461014722764384
