-39.75257856730561
-9.897020440979949
-8.941874506241227
-19.07170126072085
-10.113006320761539
-10.947089901717925
-16.86126864749551
-20.5976278897321
-11.929787432531104
-23.05307618264868
-16.894397867587575
-20.02357183759378
-18.224881427677225
-12.316688474090613
-15.08085636790072
-19.95653504433137
-17.76113976432489
-27.22058082595194
-23.93135011364133
-16.93544746161828
-25.895447113858356
-23.75589398248875
-15.410551176736563
-17.598737886720517
-25.706471725780922
-26.818785773842684
-31.586334523311375
-19.2603438133013
-11.017726570243557
-13.320745943626028
-15.39433984922836
-16.45435732567814
-20.70890330858942
-19.153288864731742
-11.668307303480324
-16.229192075756742
-16.456379179638475
-10.45208627256803
-21.085393119558873
-17.772467301911323
-22.845896799140533
-16.951487360716634
-18.762132150503422
-23.56959151314025
-13.379310377109135
-20.530928607969734
-11.045276279263954
-14.734869242317627
-13.693122742472355
-20.502463666060923
-22.828518613479208
-14.87321839345405
-16.453412838061528
-23.163334572128043
-10.689972731246902
-16.580127507183295
-20.818024576378626
-20.219169866384938
-19.045498406558814
-25.785690070809004
-13.951663215356245
-12.032877276121301
-7.396172507177806
-8.006426035261967
-7.690368124891218
-7.532094240975224
-19.671298126341977
-24.86797960905835
-19.962057280845638
-20.703293113920967
-14.291960309614987
-16.48370859252441
-7.860793733562275
-17.173190187026822
-8.023495964593652
-18.469368680105205
-9.510811582879128
-20.699573975280884
-9.905427214568531
-13.752606653773226
-13.249188435755805
-18.7645440929417
-19.4153659184686
-8.437611963602887
-14.213978685066845
-10.224869997695967
-10.331228782984779
-10.346549503699347
-11.203360832569546
-10.466231572613818
-11.734529939517335
-18.894471474797694
-9.165912111840731
-10.797704637505957
-16.964607296659832
-21.000067170176163
-20.71412441897514
-15.880988459255276
-15.24693166400268
-12.275123487372543
