-26.7063724616204
-6.445962343202173
-13.65011844917729
-17.01916317143892
-9.093774231078491
-18.78711573614972
-10.86632583677439
-16.1588850260113
-17.511841279565985
-20.62903637121734
-17.15348398687425
-13.134852742863753
-12.114826387279555
-17.441105256644374
-23.743545029242593
-16.066168389914864
-19.04228941769688
-23.009574590698044
-18.142884859915075
-24.308541938310135
-15.403335592370127
-18.950420225416593
-20.62463677242508
-19.263574976402868
-13.615300805595092
-14.346297156035584
-14.903242503136179
-18.232356627568237
-23.07881737000736
-15.98829800974248
-17.029688655691537
-22.470971291594985
-16.57370606476853
-26.401227922968737
-21.522933971566545
-21.23432818417058
-21.525763167742646
-15.44938520617632
-15.233681745646294
-14.25583187273158
-18.39538051053082
-17.5820201235221
-16.433661908741943
-7.480825741285401
-3.1114833391768055
-7.477074545751179
-6.700868610671369
-11.34596378274726
-11.984872297039159
-25.857760244691214
-20.381487991167834
-20.8515733581948
-20.084516291818755
-21.20991239836175
-17.77051028243974
-12.367734345515515
-25.15527859725923
-25.055942485873448
-10.903229671432866
-17.88195149577449
-16.614140741662222
-15.349492170284083
-23.33024182777078
-21.128511924367615
-17.781092037048808
-18.38674451297756
-15.046319193831696
-13.255740731490164
-11.593027067269992
-21.165261196068922
-11.683335379186499
-16.696888434671408
-16.075931596920476
-22.646903204030565
-13.886820536878739
-17.375536426480046
-19.1645963214586
-22.03366701755013
-16.029864404748174
-13.840344420898054
-13.413979472848037
-15.550281573789164
-19.626577340295675
-18.5481781696548
-9.656446090561928
-16.470304148515396
-19.893479868450626
-26.49196137337411
-26.109877125640637
-15.818614455741061
-16.313338211380174
-18.065950287167784
-24.24492214005699
-21.473371452486735
-16.92118789470122
-13.644153056863097
-22.387972854298045
-18.25180426517617
-19.126364400332715
-21.166923316195465
