-22.562353079666956
-10.778986853325971
-14.125763866009564
-12.317271933603307
-16.19009035871549
-13.54749868894682
-15.736373331171341
-17.086824936000667
-8.11152474728119
-13.831085134223871
-9.686318298631907
-11.151663956597995
-12.31721795311422
-15.845421017766062
-16.28323268001723
-12.659870239036824
-11.262651273882533
-8.939818731469593
-16.08198813260028
-12.142682280396087
-19.644569650643405
-11.829531565619847
-17.09389952547624
-9.045867535513048
-16.078605771856864
-11.899163209383305
-14.378644122520715
-20.225500354941243
-19.452442359551878
-12.121591366103306
-13.949437228015944
-14.16882868052034
-15.883418782856983
-12.656626108975603
-16.479568086831062
-6.217583855076049
-12.606512568123108
-19.464106674175365
-18.541718193514612
-18.875344836937693
-13.162541661739336
-16.105405274148136
-11.159261587552638
-10.82516635040322
-16.698660108890486
-15.836974097121711
-15.197153710222011
-14.109013675489258
-13.638625021683083
-16.385047366189074
-15.262441265064894
-13.760750167555804
-14.530051250825437
-16.57059718525996
-15.342598541963463
-15.878973296142618
-16.613378863040428
-14.969129636433578
-16.903627751025738
-11.703396099859747
-11.305620684793666
-19.017289530383835
-15.28522411972086
-19.85749648713193
-16.695215146634222
-15.949691707914374
-13.41437463645849
-12.535876352511734
-17.059941666858037
-15.631943061228322
-19.184387360285186
-15.632666375243149
-18.47134329286916
-20.059533825836095
-16.606879650762163
-19.37966802195992
-19.022873752117402
-19.159016746827746
-17.165215621229684
-14.698897632059499
-16.56238925840129
-18.115842665269884
-14.325377876008604
-14.538882597704855
-13.26957285517266
-10.411444543462025
-15.577017956376093
-8.622540979553012
-9.89429937127176
-4.302588317155949
-7.5675307081948855
-23.870650820211335
-11.27365313071254
-7.7552187501320535
-4.993689594046362
-10.398780731764763
-21.428013047510643
-10.999408625808856
-7.716042186225127
-7.917793254110589
