-30.71423075425506
-12.509967689311905
-12.51311342694124
-18.835857750404074
-21.244445978394808
-25.904212067951367
-18.225573479922264
-14.35577326435154
-11.401716146048617
-10.297973128601646
-12.932605301020962
-15.027924324253737
-27.238502880892554
-21.83368005611963
-14.335741042304372
-22.3040517089589
-16.22171033877587
-10.917131430692917
-21.770114984961275
-13.21289542795387
-22.920302378585
-17.40978896388205
-18.791513177769694
-20.742982958275363
-22.07227274073383
-20.167595812810287
-18.884346679435765
-17.07305217327003
-22.76004222878234
-24.9239054633354
-26.443170103407482
-11.726627583087827
-15.796033637092155
-15.366295524312552
-17.618581365182926
-11.602985399020213
-10.86258198267614
-22.63050694628298
-22.196001291551294
-15.981576557064994
-21.55924194885015
-19.875966191510468
-14.687118522826623
-10.2834388932307
-12.85546225561796
-16.410954452444
-14.946607577497405
-20.159214034261005
-11.569339076456178
-16.383030562173776
-19.5393915856233
-11.16147137870889
-11.949784680092481
-19.424901129491897
-18.585278535999244
-12.73490310120739
-19.898747374375947
-11.504718096842575
-17.017752627669427
-21.356111357718568
-17.046665377525727
-30.14154295767791
-26.689970197935892
-18.165598072078204
-11.466845242420144
-17.033643655302566
-19.22001504383842
-9.597261536736804
-12.57563672082542
-19.990166800182305
-12.856879566831315
-9.071260484529786
-11.300792918677498
-7.241669642808915
-20.752618289288485
-22.955492466376473
-33.30516647136687
-22.88055350123934
-11.087414283453894
-10.420717868547968
-14.09720519298002
-20.071496306723635
-16.7637670732287
-14.862493975599238
-22.32268273368807
-20.74665608580663
-8.683623499157898
-9.186743842721029
-15.92635905498588
-12.998974781331016
-15.246659145161457
-13.063041407594064
-13.82603649206118
-11.341209964840541
-9.394557173043827
-7.519771039870576
-10.593125068299894
-15.328791455961355
-14.890501695675967
-8.060197065916212
