-21.54238563980067
-8.42367088146831
-35.69899771484615
-24.84010417807924
-22.651840764338296
-14.966384346200442
-11.755972649231392
-9.726803442282657
-12.629698506814316
-18.25846553204485
-11.574410325944063
-16.169308469391105
-11.514114317942106
-11.8528789753586
-20.678487651235386
-16.82942549922383
-18.10352639326984
-26.89156722180768
-21.500540843533894
-15.238016808819134
-18.424082584047838
-21.645970533451628
-19.410502432364762
-15.510612296118587
-11.31411676920554
-12.079222465418061
-18.442564830264335
-14.613522486244483
-18.342609249020605
-16.54439596590833
-19.10057505364501
-20.404870159575587
-21.962835630022305
-24.101290432977535
-23.682591323646704
-21.393786891780145
-19.878621720337144
-20.795891098077135
-15.664067476508928
-20.08947170870116
-18.802395324651645
-25.70850116863728
-23.11880566681465
-18.09457634679958
-12.925070188394498
-16.815531807524742
-17.937021951597792
-22.63697638341334
-11.309043668382108
-11.643217505082243
-12.763876209495008
-10.40739600088706
-12.95493806792108
-16.70518051749645
-12.233811719586708
-15.23612937664295
-9.86653047776331
-20.611092666808748
-11.081494212636414
-18.40403122508306
-5.788296497372499
-4.374866868651069
-20.939537022056058
-20.793423332551782
-21.056524790462163
-8.154056209060565
-15.31346357425524
-9.531810719727465
-11.501637159244698
-18.73427322812845
-8.384739182807559
-9.75321630349283
-14.589470265099433
-7.0020118492239005
-22.861842763485726
-11.951901264203798
-9.835243930506508
-14.588941970467483
-6.233750565730995
-13.821317527903812
-10.170784773323701
-22.740456776647253
-7.959881892431511
-17.400841169616942
-13.246851575607261
-14.404458471881217
-10.943483081066088
-10.879220359361664
-7.53595280148454
-23.892679201645755
-21.560479555432874
-15.785640402107443
-12.518761473983144
-10.587024024248567
-11.53473075263552
-19.535305875212327
-11.162101184384447
-18.755322761633227
-17.51408491861705
-14.460013370963003
