-10.2182978203188
-14.701505439622238
-19.87836446017334
-17.734641936056473
-15.86979756153294
-14.777070752466821
-11.403807701047509
-18.64602409396874
-21.83291979955891
-20.970153178931525
-8.189292557576781
-12.95597311051572
-10.921133825699785
-28.638441524274846
-21.15809541820191
-7.799841376287452
-16.242220570498795
-7.452342930919372
-11.699867365755761
-21.870747914532352
-19.581334906077597
-5.130735149040992
-13.784917721337282
-8.70543033536492
-15.19529851828761
-7.544654612041564
-8.00444286186034
-5.44298778010878
-11.34194800463047
-12.8449575621231
-14.573990515683171
-22.029163719262264
-25.467898284299785
-13.948496577132348
-26.800301423421494
-18.249825319741007
-23.96918380011353
-20.78798472715852
-20.399782515296685
-24.678229851883504
-21.194909526960952
-15.602446260769174
-19.581994885381757
-16.244978245324038
-22.70219278543465
-14.963507298715648
-15.313776704182672
-21.234777041171352
-19.512697455598733
-11.623120134639539
-17.26539522456172
-15.436275187740728
-11.493906141368969
-14.522000839747673
-8.480610165962815
-8.343736941286117
-5.539766120016288
-12.00924883011409
-7.825306197220313
-14.82593588374722
-19.11482238308904
-13.260549616495817
-14.058229395744746
-18.663783725056714
-10.35279342084545
-13.214598253736982
-12.683956132549119
-10.26522565126942
-9.536922022930444
-10.778295502220825
-7.042369548617103
-14.677263364576035
-11.644441270546983
-12.274019592079606
-9.718190038228999
-29.139391136765386
-21.34608905499138
-19.470721436636506
-17.940954593025136
-6.545495146795238
-14.939243370444848
-12.015753260800441
-14.810747244455907
-11.877167799522955
-12.998934732033684
-5.865106209456052
-13.647835655727594
-12.145027557625012
-7.824762502728222
-11.532275438725016
-13.818206491080266
-11.295641451997248
-15.49873146703051
-21.942788517800377
-15.702467545995688
-9.209155331522709
-14.947580239070628
-23.773960435869277
-9.20680012383293
-10.051065644838502
