-28.453444666184478
-9.339922074772469
-7.507374565521878
-14.44159402900532
-16.54975162108529
-15.179732263271692
-16.5462496033396
-15.787022692370728
-13.413944998716858
-9.449446158427286
-12.28566217180787
-15.9615768514255
-12.099013600618964
-12.22633275952287
-15.027890479218879
-11.36208804965688
-15.598284278794615
-18.181607598900914
-10.59664777340153
-13.77688283752311
-18.756084032068443
-17.37437307200223
-14.426991761385304
-11.784016765278462
-13.219494256465518
-15.35347480731528
-11.032158353482098
-15.05813681001101
-12.51300885376458
-14.65399730794015
-14.291474555846458
-10.882503648519107
-20.48321244057929
-17.35718046105482
-15.23457304589229
-13.147559445054336
-20.469893141907068
-19.48682349981221
-13.815215706061897
-13.206355240445685
-18.900145528978783
-19.228240030134472
-8.765184141274268
-10.402919702428727
-8.833134260856145
-8.075334893974665
-15.098128288056879
-14.64061392738366
-8.112915268985747
-4.933551254824934
-4.608776039712691
-10.371758026322752
-9.377184310873888
-16.160579560216785
-13.701253095067212
-17.316645683410524
-13.506593717579733
-12.413131478429625
-17.921726578981083
-16.946494516429716
-17.57994678145291
-7.462264618425371
-14.921553345027496
-17.36921011309801
-16.259219696482166
-14.964615832144167
-18.22904473435585
-17.414103847417913
-15.380163724308302
-14.735166628171086
-13.496077771194734
-15.530934307579017
-22.48101293689848
-21.443416468024132
-16.882254618639028
-15.55074270223194
-18.502177369106903
-18.33314306824548
-24.017984391648476
-14.484258785597163
-16.89443293506281
-19.98563653832228
-13.756577216122801
-19.14186810281279
-16.26473132940168
-12.756911339587969
-19.300704907382006
-14.456017390428542
-17.090675390990693
-14.834761843688392
-19.293247747987287
-18.290763506479525
-10.322548836968746
-11.917233504460954
-15.839693356896818
-14.731454153477626
-12.851221578284838
-15.087101507379462
-17.688242335965374
-18.744186945644714
