-21.951076460817262
-13.796692956570402
-10.449336502493937
-27.480608824190135
-17.090174502084125
-12.148720969777571
-16.338029869155974
-20.471910393465574
-18.615682178656094
-13.654532342869938
-14.342497362602026
-20.127304406516465
-13.11242285947541
-18.631940107256593
-27.935942053231884
-24.079613748442757
-13.281359175010058
-17.164561027135356
-22.53990732025105
-22.07930278004878
-16.190218464316498
-13.196740204952471
-21.302892149653314
-16.100847371998107
-17.10937847174065
-23.80328179900579
-22.352478714530207
-22.864100680932122
-25.814108020428133
-26.244259054938706
-17.876735902303764
-22.97168760436259
-20.738270067116378
-20.61412105625083
-21.72870400571812
-26.12204930713081
-21.904644609525334
-27.720548115973358
-18.17828928142384
-27.31648798233449
-24.15775480916412
-21.502885314604534
-19.32813732295509
-23.97597081590869
-23.529025645085007
-20.155276338188273
-20.18352057365286
-21.045257469109984
-20.724632434599478
-17.829809870732053
-21.562120830577193
-23.767524107526587
-14.937716236717812
-21.04924512268623
-24.44655826990492
-17.77112937156781
-12.883807799232773
-22.1547357775816
-21.334662700144083
-22.20533785246073
-20.971254181232716
-20.340793686448468
-18.640440027171188
-16.884192935144146
-17.240258964042035
-18.452021681295687
-14.639132596234017
-17.475164102490023
-25.484429838742834
-19.586873809614204
-21.075009443279193
-23.230805025539002
-18.61287141410585
-21.727349379566036
-17.10225314282144
-18.302308416842084
-22.702229965785456
-22.709248096330153
-14.091485419682106
-15.459534642237411
-19.5661019482122
-18.692707458696837
-19.432483651881434
-13.602582669601876
-8.194544678212992
-21.92232723300726
-19.846362720699354
-14.789238777959264
-14.870457407958122
-12.85200469536085
-15.685636238557745
-19.9903690714163
-25.548753153572306
-21.51958932877154
-23.57141716948721
-25.13516565530132
-7.543346628841177
-8.390589519785259
-7.497643125989101
-5.789763560116251
