-13.64834586787844
-12.641481095073786
-25.53257185711947
-15.22236432121296
-15.74029970683842
-25.88138415466558
-25.404825256906577
-22.319904859273095
-20.155842563951534
-14.4859916906676
-18.788164786474393
-19.480040946644927
-19.66749101685414
-12.222290560941635
-19.58269280816611
-17.63402631252911
-19.84581466648598
-13.29608619670726
-13.202395873995716
-9.933217569308551
-14.84669066392093
-10.9686367695435
-16.05828903930482
-17.596882879580722
-15.665179430624402
-13.566282656671094
-14.847201144693127
-14.985884278858606
-7.1652446306724435
-7.7347820837267545
-6.530937073152828
-9.487194419140678
-13.580414427341845
-8.8552635193896
-6.367360647146196
-10.978101899995995
-7.0121622042064775
-10.248914000429266
-12.116310440026144
-17.80184260553305
-19.831191790330646
-7.743238232255001
-13.942586186665142
-10.187729908413653
-6.011851377844413
-6.959513773229879
-9.923365187482277
-14.560534722330813
-16.677717760227733
-8.192921010273066
-11.716990797220754
-8.141134755647274
-12.265760232950662
-11.816241827839509
-11.332575992273407
-13.114534598217622
-11.508762292229896
-12.311096712720422
-16.90506768289616
-15.569934294760843
-7.207276846640061
-12.213113437947225
-8.254991196925557
-13.365030140129058
-15.937728328156156
-16.546720945030536
-19.980219179646397
-9.703969252426049
-6.032314184802318
-11.057361940397106
-13.492452552391429
-6.236691392120266
-17.95861040995989
-12.355180082779608
-16.32839925917586
-15.089468600134492
-10.863686700754299
-11.354850337438162
-9.501570595369664
-9.287679735614024
-10.835371184772304
-8.635312335849791
-11.482948983928926
-13.815379106412825
-14.071413035111025
-9.762058546471627
-7.381185913977402
-10.764982417813435
-11.182369406793075
-10.129395050629993
-7.388301396911768
-14.004186221436456
-21.97561907421605
-21.12852207914907
-24.22871373713467
-17.210724512419546
-15.16565030037889
-12.602683613648033
-12.301191961078844
-11.90249206936442
