-10.501991199561013
-9.070936643810212
-19.9007058282121
-8.829997822534372
-19.511887430205146
-15.551231628981327
-8.366788311022598
-15.562882590351219
-17.136148332619577
-14.485900571634375
-14.72942341929882
-18.9414836479387
-16.306552195286866
-16.89223304803934
-14.19473790884743
-14.002345319726563
-17.03984912239821
-9.11781879206074
-15.928977914650925
-15.603981534922895
-17.11887773598567
-15.238008866971088
-14.279697982109289
-16.69357731591697
-12.408439462741274
-16.31471564555034
-14.728635869672896
-15.177968785914686
-18.10691775779469
-18.179355088526478
-13.54588863475791
-19.22140202986148
-16.356504161364253
-16.42083154684664
-14.601015802056198
-14.806585116232464
-13.90503567247767
-13.649954547699123
-18.31819512204706
-19.027249086208453
-14.888917931533435
-15.042032673021117
-15.151367067228156
-16.602826387454847
-20.180036252838438
-15.995614784397366
-15.15194498996343
-15.367093045723397
-17.5491206365749
-18.789735724324736
-22.53296578205218
-14.58103219045364
-14.095917695335714
-14.870871718881567
-18.23342855304227
-17.141030267037653
-13.424730283897826
-17.10930455262557
-16.854281886774388
-18.45275400606402
-14.979858983110411
-18.760389079081378
-15.67126765564708
-15.052482103810519
-13.84427805075107
-16.156902110271705
-18.028946264862878
-18.56543256990783
-15.026725462055978
-18.676455361119217
-12.721994125594549
-9.703970185739855
-19.17878971869493
-15.054541367265017
-9.885821613527748
-17.524113052806115
-13.306368749922756
-17.268991477375
-15.7732548159719
-18.615805198672657
-17.128262293448046
-20.930080930822903
-17.413160196913836
-11.003934351749828
-21.083439375972677
-18.896243478206877
-17.799619262386923
-18.27013684770282
-15.249668191619767
-19.3495374521286
-10.453754228389167
-10.408352124137716
-11.912783191930316
-7.681396416452484
-10.739734287043913
-16.322385732184554
-18.192596675567916
-17.533419936282566
-16.01640460036177
-15.890581334916028
