-22.259408806592955
-11.547694306559254
-11.515228994626595
-22.20790424353074
-22.406076319995165
-19.39290551535501
-17.668910475127706
-18.3374575731763
-19.67340234426648
-17.12859236878039
-17.471108456237985
-14.99446583074284
-22.856689519807773
-21.401529510913065
-19.477898870867545
-27.95064570465923
-21.25437114657442
-12.591189895844952
-22.570130467767882
-20.762784277083124
-18.280911442215483
-23.84080432177478
-15.832806973568001
-15.83406412415013
-19.67150962304021
-20.787440694077855
-21.601439773214594
-24.7728037819455
-14.429332597992703
-25.459296271730175
-21.356551726907362
-14.45655459280039
-22.918368645016887
-8.21006310671108
-6.893195485165862
-9.50750059612078
-10.793812321470613
-28.194889207798248
-22.86842133250472
-10.404680349407823
-9.422876835590875
-7.15351673452745
-13.087061873824197
-20.987886464842937
-11.284249661122686
-8.331809517318067
-13.196347130153269
-20.579934537193747
-12.199070564723769
-9.326414365614863
-10.044973514326701
-11.406393834882271
-10.143644255096948
-20.58266094182936
-21.449327719033633
-21.71309213386371
-13.509197461181927
-9.17451659101062
-12.421707605991944
-11.20810533262198
-18.20764093292316
-11.180745555318957
-13.493294421411031
-18.309079348176823
-13.555097332086259
-15.784401194366499
-10.299313832802497
-12.667653248161567
-9.77685216002148
-8.04319600553793
-6.84058340975896
-18.155102147232967
-9.568266182653955
-9.504640545474544
-10.417189252017785
-7.59544211167801
-14.888231768084397
-15.028561973204823
-12.065803894330537
-15.528241141531756
-16.406128396756873
-12.5154329997758
-9.378085355747423
-11.416532936488906
-12.789817662777507
-8.392532350340414
-24.139669785712556
-14.890668603101393
-10.665476786071412
-13.454399697508782
-16.182789683974114
-9.436514806081334
-10.138277346375007
-12.024335948543428
-16.68778397898129
-9.002869873470766
-19.840516435311333
-17.647341565794264
-15.551605967324969
-13.20360339459421
