-22.23613607073968
-15.474357025205835
-11.871212192010043
-16.00648645917509
-9.636935149806725
-15.368943191982273
-21.14343962193486
-11.575132764605554
-12.404547930842819
-21.029107585577577
-18.512374217584632
-18.782591436989616
-20.247712704438364
-22.24941319399202
-20.42357214558456
-20.769231893723735
-15.292348103120855
-13.290406907778406
-20.103494946856056
-15.122684805499084
-17.433616942463004
-20.47075839278058
-15.336045207606318
-16.76001013090546
-18.41329519162057
-20.619926816518056
-25.522723325477564
-21.72466433028887
-18.810456599875664
-11.9259655158044
-13.088053720941511
-16.513577065755136
-13.255696579580915
-15.814374006258475
-18.18759685925523
-10.43486776756223
-17.06354903892794
-20.5120146681189
-17.433946989849215
-16.52617452109442
-16.86476031458376
-11.430976398041699
-25.29578941038214
-22.003458026720878
-15.512374750735574
-25.806093462993502
-19.276594896588087
-27.532855713066503
-16.89115369007631
-19.455970044573764
-14.802174855140724
-21.687507964719245
-12.399544890610755
-21.845652405476898
-20.102436024782378
-18.320322744599626
-14.247873323092112
-18.36430907837268
-16.645611342465052
-13.670963745986308
-17.810591016439496
-17.840619132477254
-23.956127133286063
-27.06732982827576
-20.871098640383263
-11.967703630742045
-10.624912356272183
-14.145592627833066
-25.5906890984145
-24.98265285752476
-7.197122876347088
-17.511992509769488
-19.671451819590573
-13.44668472765648
-25.575131892141897
-20.930532413349862
-20.497701976091687
-25.07960665945165
-21.094248403006873
-27.296544967182598
-19.05279292783599
-16.81115187766707
-15.9043098587521
-19.520008072480795
-27.26419465987035
-26.27258885190333
-17.186730230040833
-18.750235568241035
-16.94610514574302
-16.986515924783873
-18.321299980600855
-24.696384934557944
-24.48982342045485
-16.347058727041052
-19.37878860764578
-22.567192799617096
-11.164120578746859
-10.518746186669627
-18.912058063770957
-16.52910861160302
