-22.510804839552844
-9.574820987787502
-5.394820981466151
-12.220891293742907
-11.52673248909814
-14.32049900187882
-11.923437098393592
-14.846760061709164
-13.042319576185898
-12.33230273108349
-10.54492922888745
-12.866745243175407
-9.625722489791857
-12.42754046669855
-12.10082043832474
-17.299112322720152
-11.236359081294216
-16.66771807209089
-14.115347172254834
-14.31497331309896
-13.360011856854092
-14.14403357856082
-15.04632145327122
-9.619415771183139
-15.8177654782698
-16.859723842989457
-17.54578071642158
-13.562728433407472
-14.936098586866214
-15.7411646469152
-13.958333362225007
-14.555948843775687
-2.0075506577245887
-8.383553308918366
-11.15974447966953
-6.625034242365624
-15.802632584470842
-15.141389384303578
-14.138237896096848
-15.32944892209822
-16.075722020364964
-15.319390263185872
-17.015034919089725
-16.129532938312746
-16.58725788639326
-12.878001217049533
-12.827084904997916
-11.814178502533105
-10.757616634062103
-11.869732311331946
-21.800642160625486
-14.702369543279065
-12.71775647966443
-15.038887931941861
-19.48436617861921
-17.49943409788699
-12.297912434684017
-15.147206654977175
-14.84024080593069
-15.09630623724476
-15.747982065483178
-8.044269442546792
-7.768612415273276
-8.852299360932577
-12.266335493408981
-14.177938097113207
-17.894628641784163
-3.206163646079165
-9.5211701001826
-8.683727176106073
-18.39265285276586
-11.18609949064586
-4.11850033105211
-8.09888916971383
-12.219720200696997
-6.117853203130915
-14.400611502057087
-11.945100847147218
-16.689496131603203
-8.56770654553649
-11.45801562254701
-7.467976464484504
-13.84030601346549
-12.145724862191026
-11.038072891560887
-9.498820836951015
-7.7950786568082435
-9.479182381609098
-7.212413759157887
-11.548327298475085
-17.631578320340918
-15.235719392905178
-9.496969457100361
-17.528167569602694
-4.893665676560062
-10.274832931667262
-11.856021092277876
-11.089462854279748
-11.247625361927428
-12.810938195821429
