-19.528520903762708
-12.642366732098383
-7.726463774769486
-22.589722607131925
-18.60222224805451
-22.9710593402103
-23.709485243931713
-17.49015237080996
-15.054268075646345
-14.35364708105783
-19.345878340144576
-21.60641038845978
-23.344667964331954
-15.496192686703761
-23.912759105631743
-13.226779174466856
-12.484986213802987
-16.04010423988168
-8.323793268988501
-21.385178359933644
-24.595067124961957
-17.398410545161028
-8.510981570734248
-9.639349668150983
-8.345930651159096
-13.059791675660534
-19.337589705057734
-4.76031308863237
-10.481594458795163
-13.617599046861105
-9.206991136035649
-8.7379820319417
-8.216924823812867
-2.8815836779229027
-6.961676272260762
-17.657914568935265
-9.79994707542424
-27.929665995197766
-21.557612730087595
-21.235414669968293
-16.956386632771146
-15.439820026830825
-18.991769558960733
-13.102896180181222
-17.05798823269498
-17.994462142487972
-22.76048282784335
-19.567167603796292
-18.970187915258357
-21.325148783774683
-14.814153292718954
-16.775749440126177
-17.99424497408477
-18.710612200440664
-20.850310593362245
-13.082161170278056
-21.5114270574595
-14.007446066177991
-14.95213501658726
-10.08510927739099
-7.940541230960936
-4.978364275568807
-10.857681925105295
-13.93933780806996
-12.054482912653809
-9.559062685442523
-8.894554330878032
-7.593821080393919
-19.908107642224707
-9.321805522500407
-10.577396419935713
-10.166163870161324
-15.28229492966012
-20.89926442671246
-6.570174798854032
-8.281747991410752
-21.42144257018063
-8.405821121841228
-6.176594587557776
-17.066786587153786
-11.528882855868133
-10.60524061612587
-12.565548357534649
-21.733576173348958
-11.822874138415463
-8.713945818691087
-8.212925614372931
-9.882922729583624
-7.825830068382512
-13.904710525844381
-16.138777368348592
-10.524139616740417
-19.785220155702863
-10.452882454364785
-16.80768513709205
-12.502599747455497
-14.832927780434236
-18.563806165071146
-20.35466006801497
-8.901545175923252
