-24.940176670196195
-12.123914622471386
-11.798949637398294
-20.134080613895975
-28.557897558160576
-23.439973488694992
-17.588145969476226
-20.359542819367807
-27.403556234176754
-15.195557033602455
-12.121512773263913
-19.70454114362237
-22.370181110293018
-23.578978811769154
-12.820354771022366
-17.92122852007452
-20.525059730424047
-20.467699156007903
-11.050609172197486
-7.656493748732281
-7.209504927204449
-20.133306632841084
-10.748193807040542
-7.19603484711548
-8.759983875414441
-10.754975786534477
-7.534185951021287
-13.53893109946111
-11.13793342472864
-11.711103211825154
-14.511088554177919
-15.329384881164096
-13.264258216035342
-8.600892856290786
-18.436334217485783
-17.0270696153418
-13.646084752814374
-15.473999118575616
-15.236071206521245
-12.724019509992754
-12.346860234472185
-20.29692504811234
-17.98233687445213
-16.38632649763652
-11.832346983265264
-15.97354585048349
-16.700888976936714
-4.608771454167544
-21.587751382548785
-8.36527721614333
-11.048668647725783
-17.080628750003306
-18.226005624290103
-17.145110243526933
-22.228588306746992
-22.391220379609734
-15.348668003645075
-22.034518223726803
-11.384300251967703
-22.757889282943605
-15.674609135262854
-11.180849246497628
-10.739170380484667
-18.443111588183758
-8.417219385908705
-13.298080676392127
-12.449225988896677
-10.401530135524379
-12.4795216620854
-15.384017893001236
-8.031983747185246
-22.60480030109403
-16.02259136842665
-21.12675824181271
-21.68636150606394
-17.903901457280934
-6.769142898478278
-14.05999897211923
-7.9896714491929774
-17.10013790581002
-15.970299934018694
-8.61807522658343
-9.825928016766012
-19.82118810516579
-18.799743096119688
-11.34510133027802
-11.408998119245318
-14.457837545442157
-5.989963373543226
-8.136899798559202
-14.176328563856796
-8.66943083721222
-12.091254359640638
-9.540728250937914
-7.8972039881476634
-19.869814342926613
-8.211109939970436
-21.505070590676212
-19.80389112671882
-19.50809648401047
