-41.51090314639304
-3.697462023344121
-11.734002039498455
-19.697052244816664
-7.5928318752640545
-8.120891474210925
-15.94013319037099
-6.448273842482391
-5.848135335142463
-17.621581569393193
-15.94664128577962
-23.386685481969312
-18.957850246637985
-6.834244894166814
-15.59398989230388
-9.265830148401376
-9.229404172371172
-18.967879120566995
-14.315310205308688
-19.75634351679888
-19.578331854854696
-17.189819109835597
-20.493895193676202
-15.08990846746949
-15.35253071911324
-15.53683278213461
-20.42382597320264
-15.848213140016343
-24.709434639265673
-19.79170891855403
-24.470151728261172
-20.910041197262377
-22.31881343081796
-15.597242116115083
-16.01915752410219
-20.821280887253188
-17.715087433917077
-15.243367089713825
-14.387570638085432
-21.948444170555632
-15.7410706678501
-17.35005229928277
-16.39828403590768
-21.553897877393606
-19.255519658842665
-23.384772247115826
-23.874112243957814
-17.224991531718885
-27.851503161473346
-22.903625317451308
-15.139749796982997
-24.80851935557343
-24.280797487378965
-19.86707891159392
-16.305496255423254
-19.1583292028768
-26.51196610186461
-21.685571194064597
-15.676646402269984
-22.5145355787131
-17.254604347631535
-22.52105200050408
-16.440859958542386
-16.67006596008633
-16.073226366856986
-19.818655415557924
-22.263775145126658
-18.54125547237297
-19.26250061697202
-25.194566191887855
-23.72498507980343
-10.29398654925562
-24.85290634799771
-24.61877810439278
-21.7151424434293
-20.366902784231577
-20.922394335354323
-21.113960787918074
-17.06075337878497
-19.812806437432616
-28.415785634660672
-15.003572572903458
-20.67723900452013
-23.377991284070205
-26.301686542082575
-20.078149295557278
-21.450444822423563
-20.185266830584638
-24.44353048355852
-24.78440599287034
-23.63487791587973
-20.909789993806832
-19.083437174388358
-22.416391090751656
-23.628750535550342
-19.28257970431714
-11.285101519349396
-20.89971639830834
-17.45479354678255
-17.39152607580678
