-43.98723941133632
-9.056724596673568
-9.683967779556589
-19.37416087485327
-12.931179761400927
-14.78098805795885
-15.279589935786381
-17.690345003210286
-20.96860795792402
-12.30469531726743
-22.336582234436538
-20.897294228063565
-12.100726028066315
-21.8943830153027
-16.28318855776994
-19.505918433896316
-17.507113493731275
-21.718194680052093
-12.83630898603325
-22.433014616290706
-20.479963492173642
-14.343209445954168
-16.11475982114979
-20.848538554328535
-18.080423733697366
-14.983653081723686
-16.782030580992224
-18.12470692136376
-15.472632607722513
-26.37852991315169
-12.85469484350368
-10.742298819776526
-17.81237995505221
-17.04392017636192
-14.033570669065886
-23.08711320151152
-14.950085981337079
-23.256508445018223
-8.791945997446035
-18.582708571110484
-20.28729761805303
-16.42887960265573
-16.312415964338072
-20.4434770350007
-14.368110791773793
-17.192601060991244
-18.80469217398424
-10.01282216084266
-23.00047771040891
-26.494893113438394
-25.25927441161387
-21.157579456920313
-21.17588772305512
-14.387122558450592
-16.316318388664463
-25.88535152834682
-15.915352125837382
-21.615176719233503
-19.87437922033456
-16.88867585523837
-22.139445627994732
-21.2338158744852
-12.603012011843905
-21.91619187225048
-21.752826896965672
-20.45286539090979
-11.135337861308543
-21.27004537535789
-16.747695228828604
-15.610177054723973
-24.557857575306834
-22.922436790996716
-22.603743373159304
-15.480364428751828
-17.468963227328288
-16.381117021471646
-14.424151249032224
-12.32921559412464
-25.12401688557895
-19.595538566354854
-17.3226448325603
-21.688853118401628
-21.672687304423192
-15.808189186750951
-19.4996146631147
-21.897804457443655
-20.857617769463562
-13.27446055981761
-25.63339543175612
-23.623110095148583
-26.402227990411422
-13.48581597171695
-17.39175285839938
-31.665197966961944
-27.726300881998554
-20.149211600000232
-16.047370007077486
-21.591005750706998
-17.157831472602396
-21.652380856386436
