-20.07586334899115
-12.683997969169159
-10.57865377362248
-18.24785433592938
-14.106224473789213
-16.566612361957322
-15.38504503616308
-18.06701505933549
-12.166424353231102
-10.493042225600732
-10.03061794920571
-10.283454170028278
-20.444817177243813
-21.44568751456459
-18.17059264149402
-16.77154010311063
-20.163323904572863
-11.776388991081438
-18.06236723255472
-22.822623667342942
-8.803752798552036
-13.083565734324873
-11.008291672412836
-7.447901040974213
-17.975389132020958
-14.054613992878542
-14.583099522461536
-21.61992168416553
-18.1471643922116
-15.59093764434706
-15.96898029750015
-12.47848435429339
-16.17594734922151
-13.113269282135372
-23.49736075738697
-17.76203677137915
-20.995996663813266
-11.562108071432363
-19.9112399958601
-21.66560132439764
-18.95776853305179
-21.418673525124742
-22.245882046164752
-11.697197703700823
-20.02249113489128
-17.901318792595795
-16.768239254987975
-25.709807659171357
-22.85341359547357
-27.24590842307425
-21.567945945674808
-21.709711746484857
-26.842612882727927
-17.87824372468574
-25.29217755951992
-26.16012510803571
-22.57965405308127
-19.93306124002108
-15.425427044207485
-15.783327393074986
-21.002061540032088
-20.138619013948677
-14.134340757350365
-13.020948151489826
-12.525957877940412
-14.372563907602174
-13.550333108533183
-16.449091587213527
-20.26089918817545
-22.194533511973077
-21.203185131154072
-21.386852027322195
-18.355819743349393
-28.13774860053295
-27.263939870139424
-22.044891569990572
-24.316642850379424
-20.75561219630373
-16.24667836949592
-18.337133464366776
-21.094670915778437
-15.918641580973269
-16.823393993019458
-20.67463188693662
-23.82634171088113
-17.254334155543866
-17.7445810868062
-21.952585270769458
-15.318971387157019
-16.88886154183084
-15.188302917239788
-16.032770218542083
-18.62865849208136
-10.17319327801228
-18.492457249801074
-22.45588161573154
-24.308599711075683
-24.339970295834306
-20.014475441224974
-10.356725018609922
