-19.770949235689628
-8.092597340837665
-13.843402284664728
-18.55707252639529
-21.182367995360973
-18.716198213160293
-17.166220662377366
-13.414238464576755
-13.105966682512943
-18.017951995487888
-17.552955278525786
-15.118014592472539
-14.196809328627177
-14.838602412844375
-15.716030372016773
-20.55789252169272
-14.094214181687533
-15.190221710740744
-14.423702525225053
-15.317046654706022
-17.120954534786915
-16.1815617324288
-14.479273459766931
-17.971824436367534
-16.481399417264775
-17.071950647717568
-16.577866911559646
-23.030417104403604
-15.843899942604674
-12.679151164187342
-18.530136304764405
-22.843614491094495
-14.672884854634962
-19.303236016710713
-20.41092570593426
-17.34867674502618
-17.361879009366213
-15.56624071163707
-10.037241605669475
-10.181048284988199
-17.106118421211388
-12.329599513225666
-16.897995186382587
-16.55167170143956
-19.005108839444294
-14.985721614875368
-10.982460670297224
-17.205325698353636
-14.35908703120046
-20.454502582658705
-19.32735797545076
-17.062704237664047
-14.600791331965565
-14.028230735277063
-17.760403524256283
-16.278326009468376
-12.868099894088019
-14.402409967584504
-16.63048527140598
-19.730752851990903
-12.780720808093731
-16.534406862228874
-19.20410764212257
-16.13790360727966
-15.454788218696393
-16.66618386278798
-13.50808644926311
-14.12667270946287
-16.23896489725896
-14.923726670263713
-13.265838396357827
-16.192394396347613
-12.704148840988855
-19.710810936574887
-19.148411346261284
-14.299695897733367
-18.63430050453306
-15.05109968553168
-13.292132708042281
-7.448549814808972
-5.091779865928117
-10.031808971877593
-18.969676971238854
-8.962082310733189
-5.472501672512711
-17.178450508442104
-11.460662586875394
-4.387772776956154
-1.9967660070547166
-7.866187445255505
-11.186570585786795
-11.029955958552831
-11.181419875466071
-11.559076831010927
-11.56951818778285
-6.538354433811963
-11.377298186701543
-9.47943171223277
-6.89834243276393
-9.59923736183248
