-9.87499894217228
-13.877382228391514
-8.861120632550197
-16.23916385742314
-15.078449814103319
-15.322694863928126
-9.932390116289724
-15.473351907548562
-20.750783659532715
-16.54615703108916
-22.90806059043414
-14.571658875805166
-12.543378693629535
-21.715615527614034
-16.80013493866063
-22.195983041396538
-11.943439858408077
-20.468161668260834
-20.087355077240563
-20.948547811146444
-18.24010254168178
-17.10824554059917
-15.544352005974218
-17.05644756408074
-22.357137194005656
-21.40327599968239
-18.833280230499984
-25.2144351384337
-15.309624087091564
-16.73422044703313
-22.15685935019676
-17.011091220350558
-19.176453485220996
-14.120346934004678
-17.274987303587764
-14.464570737999345
-12.927222540742122
-21.079104591582485
-18.76606448477621
-10.68583603246808
-21.12275252355456
-22.284759243422315
-18.97761498117665
-16.91098510595623
-17.5307777983374
-18.492604852069995
-11.813967786325794
-20.060953365190596
-22.959203013634685
-15.876981691850213
-21.965324426412046
-23.415947847891832
-12.932656265635464
-11.670846020133203
-16.507369279932934
-21.0837710833996
-18.91208390942136
-24.743059309846334
-21.09100604397019
-16.865934808970607
-13.976444241994622
-9.432433900972514
-10.665984646710934
-10.567413954933679
-11.530082295959582
-12.675238182926753
-7.80458679266564
-6.672171979839894
-16.008217527295226
-8.037331835720106
-10.618863484682661
-14.364353897884454
-19.48961375870363
-23.36458945005104
-22.501510135055884
-14.459983900617612
-11.970522210316417
-11.819293624532403
-23.222422204784262
-12.253069702286734
-18.08694182228011
-13.20287731921412
-12.429444903994614
-12.947759450822856
-11.63319391234658
-12.320930341949877
-17.515897212947653
-11.308152008211021
-10.041822369158242
-18.38593446316533
-12.447143601254252
-4.7341999323333255
-19.949452906347307
-16.61054545386512
-14.915735572884913
-12.094669687790686
-11.789127448876574
-8.393490922311809
-15.42290002352034
-21.93704225806708
