-19.558478126231112
-10.545335970141188
-17.254139423535396
-13.662043356548363
-15.386697697680546
-10.203903827612933
-18.93096102635896
-13.220187097089381
-4.936890394299639
-5.3004565019027785
-4.8991974867324135
-3.523180621719448
-3.337368279732569
-10.385099419820733
-6.969013722087071
-10.300395581671435
-21.952611097226587
-13.829076042455881
-11.938678488457098
-8.238735581527513
-1.8573978168971392
-8.704908283194744
-14.338843604787002
-13.426517056326087
-17.316475090905506
-15.377698244729682
-6.858819576301224
-19.144783289880138
-17.335238102174287
-19.16271712480392
-11.322428705297709
-17.20368785170399
-19.813335337172976
-17.529909385361613
-18.008803198248163
-16.998365931360937
-13.21755384333993
-13.009945574805768
-17.104675969398386
-12.089502074098721
-15.863093647649219
-13.83607883847356
-13.420858935901954
-10.909039681424073
-14.363725829087517
-12.360830989982514
-12.331494310797224
-18.82648504184605
-19.32530252423788
-11.666965613221763
-13.078127587261829
-11.411070852054307
-12.011057053475005
-14.190824633514229
-5.0743249760567135
-8.719265696683367
-8.440131182643267
-7.204253667696061
-19.296188948404627
-16.342617027307707
-20.605415752161218
-15.458534529560183
-11.978851970108662
-15.33908222652652
-6.476891200073126
-18.17546143651129
-15.997413083842547
-12.325772391757134
-15.419754133200604
-9.94406850935943
-15.580435549875398
-8.608609878240548
-7.8277675534226265
-8.273266940339358
-8.273885308025095
-6.629559933845518
-13.585350832383588
-6.659590343032846
-13.367327256916274
-14.352662203104728
-10.198503015758147
-7.587291862281943
-13.582537496861555
-13.594994129381849
-14.193844728598643
-12.377088239655972
-16.65563243490775
-5.505647749024971
-9.360102884302961
-9.450167146858378
-12.538312142258892
-11.630411373958642
-10.170338557988167
-14.83627847550881
-8.180032500166464
-18.68618144542997
-6.110532736137416
-12.870006083884741
-16.32372228535542
-8.122248826846958
