-33.55906892272049
-11.441899764870577
-7.684353308907832
-18.397813044466442
-9.539945819226665
-5.993259088415009
-6.110535242873763
-5.585186565733413
-19.16456674389378
-21.129658327852095
-4.252324923561572
-3.378936388638251
-8.83798287527202
-16.851464943312365
-6.549148388329676
-14.626877133493943
-13.917253774124703
-12.968788367410625
-12.23377217904299
-20.54636766769648
-14.211513458643534
-22.918635750370136
-20.95940203583144
-16.96469168168474
-17.297632379088046
-18.222960500623373
-22.973259112337274
-9.04994614621621
-9.979396521091385
-22.420196034470912
-22.25449890276838
-22.30257906488583
-21.55944496203627
-12.17468668850956
-21.17460771533098
-12.156545272646738
-21.860934633895386
-22.655066217415857
-19.710507145797454
-21.866969064118116
-21.05740839833016
-17.555401823725546
-16.560590745741656
-6.612278505884019
-10.82113327483851
-6.222369472266848
-10.268017710226488
-7.327596892278927
-7.980108437303674
-8.00964984561061
-16.5189389479764
-21.67390980455923
-12.30420573216135
-9.354417831577265
-13.567006676730225
-9.309472582253003
-13.053259855471945
-21.67629586660533
-20.226333195467625
-17.623797916074356
-22.024632929839534
-7.876007158141217
-10.747485537415104
-9.389003467792175
-12.103230687235687
-9.181655369861504
-12.230629786765025
-17.477575993707532
-4.770135484007105
-13.575366301773764
-13.481188873484925
-7.742724243056995
-12.136098826181103
-23.49585831945267
-14.434887739632678
-16.487306630551128
-12.023650749092024
-13.247444021151773
-13.14092595826714
-14.757735686412794
-12.735865495763422
-18.554492443154068
-10.870726140028736
-13.637511951894567
-12.46341340871864
-9.151188040206696
-16.23404951667958
-23.101834075197992
-18.33083838731747
-12.405648780997506
-14.455715261281917
-15.396969951296887
-22.401399619977592
-26.03183566885223
-9.762388457826868
-18.17890790189088
-14.32687739178859
-19.218098868227376
-11.637138694874533
-19.513863375666386
