-37.81465828193321
-13.786867294778183
-11.287356730469684
-25.29509716788055
-14.976033694641796
-20.411309647685126
-10.846036827734268
-12.706615585530582
-12.253466409919954
-22.23727057852088
-9.186476168879967
-6.4848444602320425
-7.7419332091801225
-19.10264011726371
-21.80047401882654
-10.887118244366318
-16.61776754051021
-17.723133474348757
-21.140726781060224
-24.837243200199296
-22.729615531878018
-25.884470968164678
-16.15918750832807
-17.295673264814063
-14.234031583600618
-8.327824077284895
-14.812332680409325
-10.530173013735562
-10.427421175451752
-17.03487813150781
-21.361349572112385
-6.590153207608306
-11.831535216699843
-14.971361274391358
-20.256533673485897
-18.011425492693068
-27.49794486219907
-14.747822585381982
-12.543051161265865
-16.922451018794153
-10.114647651203423
-17.593991968991585
-25.059256517390583
-22.828783641918584
-22.68669757946524
-16.542723285746927
-20.873602366432962
-12.78234207094633
-19.340313051463088
-12.267400720373729
-21.576280583490178
-21.49330141291537
-12.383842967601506
-12.020238381904754
-13.649912523202998
-20.96983205750619
-20.91312874661608
-19.097008848631436
-13.274471978870718
-12.357037413961358
-7.995921789051743
-7.826952884706595
-10.896224251874079
-7.575066398984617
-6.6774468361501595
-18.45846983998613
-3.950618472013234
-5.494514178686518
-5.4073767749275214
-10.874837978289957
-14.317608091588873
-8.153384801870434
-10.834231983999231
-17.004491349372458
-15.25744850779007
-14.929709352219406
-11.551200656337251
-12.229497224939363
-6.930893250583423
-12.51812633279708
-18.379128487669398
-12.392058716371329
-19.858897420229376
-5.749377146945305
-11.704788688113997
-13.862073859478812
-16.54503764917237
-12.331199816879169
-21.88457009224636
-12.36151230062881
-10.020414581615686
-12.726626969440234
-9.063848161235864
-9.711700808168434
-9.952477763481944
-15.615892918702606
-16.298313973295812
-11.687765484156657
-19.043225657858184
-16.876769963212805
