-13.676437713470525
-12.624501184118404
-19.705099505957296
-12.947685892019857
-14.068700038039083
-13.982548263599645
-14.552123614881618
-13.497184193013501
-17.637655971563248
-12.776836469328227
-15.199392822832309
-16.96641002133688
-16.225580239964106
-15.75824449622967
-16.79191399493133
-15.475184715151064
-17.70722259030905
-15.394732888146512
-18.128738605356467
-8.630824704766574
-13.99286872792555
-7.500874271919939
-11.152994244078567
-17.021939721060285
-18.505671866298037
-12.70020521751868
-11.015819407562974
-8.174551834220715
-4.61410558225244
-18.918449490968328
-19.00811813905625
-6.133206264747566
-12.583306636344915
-16.74252480892724
-12.37129179071712
-15.178913277115075
-19.64459168402475
-16.677434406667686
-17.215762818986896
-14.71663323190513
-18.59681627948897
-13.1653409554853
-18.024014495230475
-14.867374404659103
-15.907616871887148
-18.764025830876736
-14.733224186659635
-12.522638928303751
-17.01379489941335
-11.061531770439313
-12.397793388687992
-14.429385417597793
-7.756064735494652
-5.55720936183151
-8.574723230222899
-10.5588863711647
-11.52121307321488
-16.64897570232991
-16.91103696393184
-17.23428666940956
-12.633726094403139
-12.877222426475411
-10.561730701754115
-9.643831617199572
-10.399795177299147
-15.641530842199838
-14.631730753111523
-17.584541747357157
-16.22098055429246
-14.17139767434164
-11.422009953469995
-11.430287489344167
-9.773466073231377
-4.819681187502437
-15.304392884944495
-10.46802758861917
-14.708663997551875
-11.956900895813828
-8.100809865309158
-14.343399849794483
-11.014089369017853
-10.420544359541186
-11.277911112483055
-12.882268792694006
-11.189225295661645
-7.928639660052227
-8.068365608455661
-10.534836454848538
-6.688940097691318
-19.106669233869397
-11.373572539528142
-8.219191700987354
-16.335534544065023
-15.642483736486415
-13.69142712287925
-8.877082283160187
-8.730699841492589
-9.533550372408095
-6.9558289681422245
-10.232720146888619
