-28.69392702427281
-10.627381290190874
-4.521194937432408
-8.045059437655995
-14.3175949997315
-19.045646449423135
-15.7924508897394
-17.655490197675434
-21.06636287990658
-19.139944585311618
-19.361819279253098
-22.336000808113823
-16.92853446793088
-17.235128234506384
-19.453515225193584
-17.24138275984383
-12.828144201385816
-23.374412722047865
-17.856108111197738
-24.34272878953636
-22.669447397788453
-24.00511870322315
-10.084476818466044
-23.55143284205372
-22.597702480007598
-13.916781753359928
-11.275316868808533
-13.613544716942538
-16.364618627739862
-17.69374802723352
-9.720854798640797
-21.912594083514943
-9.107873842325304
-12.122395580002735
-7.999798909034192
-16.15749459841927
-18.554010029990614
-17.075249894446124
-9.959785693150373
-13.982659111602487
-14.91370023872524
-13.795834953425878
-17.034470485131262
-20.423208942020427
-10.324464689862031
-11.475768060698014
-11.824236494097418
-13.540949556084911
-24.825084943974538
-18.612645258964918
-12.563826455605811
-5.1254937389184345
-5.965381431413474
-20.402496728069597
-21.572246580647324
-19.177530704139354
-12.023946209369617
-22.85151747933772
-16.935095549554795
-13.892173657173881
-6.652351998416318
-9.264525999006924
-18.394995276265348
-4.295743518962126
-18.442573719624026
-12.619346826631864
-7.798222125520329
-7.7401148238542135
-9.283058375194202
-10.120914981847058
-11.704046326593613
-6.03676596635698
-11.774403272774233
-7.698209376755666
-12.263055389918165
-15.669178661217547
-12.522180185126164
-12.71186025232389
-14.336285422855156
-18.803404026682852
-22.067659226686015
-15.397390836191136
-20.330054913976795
-11.553220084984664
-10.205252970352108
-22.48873744222253
-14.44904419803774
-6.505403259820092
-10.219534696610765
-14.709423209023129
-8.546485803455665
-9.844656557453236
-7.38245373018955
-15.509775940078416
-13.784401028348949
-14.581890307287305
-13.484695125995056
-9.427009577634394
-16.22909990284121
-22.588871657377002
