-12.854997614415444
-15.991629141841676
-23.202587889753026
-20.83008837536744
-18.184528267392146
-12.155283908697879
-13.372812730993282
-16.25451088184763
-10.559058281479647
-18.922560520585634
-14.491874486501192
-22.51946202304884
-17.03548221776288
-19.08720510232858
-18.535938173367672
-28.14554939340426
-27.164793292356386
-25.743877192406877
-19.870348381880078
-22.73242787873169
-17.702068539464427
-23.977436562865407
-16.684594894857707
-14.13801054753288
-22.969585416145772
-25.332303068369562
-17.815836380447966
-20.26826735886358
-15.993098379276274
-18.06174637622438
-15.676286315442457
-19.44762065268081
-26.42223900063629
-18.570237601014007
-24.314458757729774
-14.132755087483655
-10.47115499103502
-16.614213475261597
-10.600797590786183
-16.518506259718688
-19.13445305117418
-13.494014390479359
-11.736743258251176
-18.757413758436325
-12.434107920842006
-16.54470071596129
-12.60791439826103
-16.7986070685801
-21.51375292641452
-17.388195458373836
-16.927316184178622
-15.725320041598927
-21.853367460896713
-23.15995096559247
-22.121886602748173
-16.629910909151697
-19.701268875439276
-20.102235819124658
-8.82031767930299
-10.522738188086707
-6.3587196732203255
-10.611505743481532
-26.392438543070345
-5.967127531548334
-20.0387718541188
-10.425830444474231
-13.398417401062149
-14.734262227483876
-10.009941949795655
-14.481148850456218
-12.698142484392116
-27.990689991585544
-13.815463813703778
-21.179415495714075
-18.97638472959236
-18.49011822860868
-11.894185447877286
-17.32496260254451
-19.904297532269684
-18.69613246579784
-27.7900857938411
-22.795311406570193
-26.71461986432317
-13.890105441816596
-13.561664319313078
-15.59969331108016
-16.13385939172356
-22.242823342165142
-14.291815743363866
-11.11485495077068
-19.659314783343603
-10.331601403909852
-22.12111472519509
-24.302210737213702
-21.175682835000547
-17.425382362598665
-22.878926243717288
-13.426363859642821
-19.380811271690895
-7.462295388042037
