-17.61198496067545
-12.155795033840983
-13.110596746115998
-11.359706614266205
-20.459737448146512
-14.593120113263609
-9.688141326447344
-10.490924292916542
-17.746972454605366
-15.37221715270555
-15.59498671908899
-13.248542894980517
-16.590028570193756
-19.60479321229572
-15.52036847694718
-12.512750384440153
-14.674409349865963
-13.21958478867145
-20.50157807443354
-16.733581336856354
-14.339963965056581
-12.183628789386809
-16.031980308824533
-7.549177040694292
-13.86094879875766
-16.625681586410586
-20.453076707184323
-15.352251722582816
-14.224417549248816
-14.041314248166941
-13.882799505840783
-16.669584429239347
-19.221386447438075
-8.634729951500505
-2.8958423401729902
-9.205501267303871
-9.212323413219442
-11.174892129183501
-7.981437370190882
-8.621722028829193
-3.6009341950487275
-7.927793390394083
-12.412354960282002
-8.552521672127467
-11.651385210529563
-12.577050072208436
-14.364410256411237
-11.655119185311856
-19.750914692704367
-9.82233368594101
-17.5441704420869
-6.923087031965971
-10.197224744154324
-13.987376757718701
-11.328372611567051
-14.423835642316197
-8.419898209265156
-8.900311979694527
-13.065151561703992
-7.736717932124723
-13.555595115424353
-7.12167649481698
-6.352181422101751
-8.63692617665119
-12.785118171053405
-14.115285409498341
-7.852009223277914
-12.582270121635165
-11.40978897309063
-7.828279756115756
-5.294379762932287
-10.128412804387482
-13.405951146138483
-13.775650067964305
-10.969030441584659
-5.581492187742808
-11.126402629031253
-12.852053003756469
-11.512901204303596
-9.912924384490797
-8.863194193861903
-12.386149786893759
-12.953145381960477
-8.026738267687698
-8.107928122393691
-7.259612513053884
-12.975600070551994
-20.039677805409784
-8.478443439455404
-10.47851140478929
-8.488030066998768
-14.065082898665375
-8.034034992947706
-9.00783222613759
-18.423184562295145
-14.118055862548097
-9.723273817145554
-8.113113838024498
-9.471541705943137
-15.296678785556733
