-26.04557584466586
-10.296808295129189
-8.862773012355373
-8.929118201683325
-10.736092120770245
-10.802161450840314
-7.191256829200963
-15.666993615128396
-13.396120881720764
-11.353024091832799
-11.355629103779293
-12.708212167128996
-12.325446245787344
-14.447282617424813
-12.270103684794634
-14.241948546248835
-9.749182374068107
-12.397576703388419
-11.154305077306008
-14.481516012707573
-13.591089491181725
-15.318601191622665
-13.290431043421703
-16.452235428683945
-13.946140040487549
-16.82181628462383
-18.805178363699273
-15.344421147686926
-18.14803704841514
-15.406310563740067
-17.88714717660453
-18.436248423987024
-16.47235219601432
-18.297169838381702
-11.430792832022613
-11.072957005620498
-18.838237505983113
-18.904353044415604
-21.9943197945951
-12.13564777619536
-16.934773769228208
-19.268581956832286
-10.22516111677615
-12.10703086327942
-18.97065310402352
-16.553126747582446
-15.126131747286431
-15.390836180310155
-14.007882630950837
-10.898241840853537
-12.49505432038195
-12.614176108012757
-13.504250974393482
-9.111940435483643
-13.984376851130703
-14.723032009600306
-15.420632706617502
-13.374951066707908
-15.887418306939512
-16.696872460815428
-13.850293135953232
-14.700848165574103
-15.960191835263714
-12.456878580735
-11.306902222567313
-17.465122689675116
-13.136391357168886
-13.569610591006478
-10.76525020995365
-18.962324481076426
-9.309692670484969
-13.53329150690825
-14.665230359703036
-17.811573812372036
-10.957374436962082
-5.618855215316836
-10.140238700094562
-6.446537341294979
-18.663794964143822
-14.428474079433904
-7.942579470977179
-13.778832772292994
-13.110698908993218
-7.109190505900327
-9.210193122379284
-6.762019140265794
-8.810912987210116
-13.293085876360893
-4.207053062929477
-13.873051981325982
-8.480055049016794
-11.498394014381525
-10.487482648124086
-5.173509751771839
-8.847220576211223
-9.952559386954423
-11.253832029561963
-20.047320146458752
-19.074979302352947
-17.154475888499263
