-25.460523061390223
-13.231788994710888
-6.994434010509761
-7.7798860704592325
-12.802172386591167
-18.20658925008107
-14.760614527475003
-7.162640847400308
-5.942895428687335
-6.030003656344992
-4.0869348243110455
-9.971982093423247
-7.381940121810117
-8.300664185086264
-4.3517859468326545
-3.844947581612674
-23.02800845850203
-13.08447952381152
-4.4886080992698005
-13.640988638940152
-4.7763162706534255
-8.655092573226803
-4.819168737604986
-8.394654757657346
-11.405078453603453
-3.9760907516451143
-10.905317095006595
-4.564052554015832
-4.3903543033780155
-8.642970691299743
-4.434712815464621
-10.27449105356451
-14.502554115254489
-18.65296928642753
-13.376251798862617
-19.643185337992474
-12.338044360257696
-8.780165276119426
-12.244188954476378
-11.185301463891616
-11.82576150177079
-17.623137479881414
-9.80210226363238
-13.159282575579304
-13.89636277712393
-15.910186195024641
-10.81781607197293
-12.087790174630864
-5.2963139135744814
-9.264848368280948
-14.926978077148227
-13.741581951369685
-10.366443641697256
-7.122172384649125
-11.412910947132087
-8.634827067779813
-18.193736305272797
-14.139834473677261
-9.865982359833907
-10.28874102975028
-9.058398636755511
-6.932062653458179
-11.540385396825902
-7.367837480757964
-5.61909773775076
-15.374745213203344
-9.989493221801657
-12.88485946336728
-12.910435766619562
-10.708939651864549
-7.521263006541621
-14.46840322061035
-18.911268649406964
-13.910765618556482
-11.873774808003073
-11.207889763771169
-13.083234865190535
-20.784412745182564
-14.314795689522377
-23.66375295047274
-14.149891534631463
-9.529576615262753
-12.022300840054916
-6.3768892775019
-4.694063674667971
-14.019710768171455
-8.964240175059322
-13.276877403505566
-12.669368035047729
-11.332645343871635
-8.363646281266055
-11.958695181982941
-7.846146256080018
-6.291445035115654
-8.074094537157771
-7.393884201780741
-14.521166974807803
-7.065742068096957
-14.569599150815725
-11.661602963359051
