-16.876444368410795
-11.845539016869548
-13.374798132537972
-18.6115047456495
-21.343146479419495
-22.564685353147322
-17.301695016036746
-21.00545304604341
-17.31256993495274
-21.015996850030124
-14.585668931796533
-20.158816696951362
-28.049103942918578
-18.41849031877193
-22.957399951013954
-17.249903634835988
-18.030339145164753
-17.14457847016675
-21.36184623450125
-15.514269820883317
-20.173802433684433
-16.505058714848538
-14.70626427595584
-18.80933299112529
-20.362476472410528
-20.021541573884647
-20.206334274731294
-15.43934969745016
-10.875281599720832
-15.31225202651611
-20.773804417064767
-20.637218246584393
-8.613499137706988
-17.86689345262865
-23.66033592511077
-17.267597009715825
-16.61154779855637
-19.089887392832377
-17.6355467446488
-14.376948382352783
-21.673373219641448
-20.189279824375788
-20.32630620496344
-13.96977568610165
-17.2498236445228
-19.75291600587766
-6.5795284825279765
-19.57509214942997
-12.068182457742138
-24.22318715055692
-14.816707341612766
-18.8741512949287
-21.755824271537215
-16.767519661625133
-11.068027974774125
-22.75451754743952
-15.451765577410074
-15.329990123387432
-9.479846079300113
-20.68859877329478
-17.811905259212406
-19.339172050888845
-15.713862737633653
-21.982983959951014
-12.818260123576762
-11.696473947906147
-18.86885912591312
-25.48721205062356
-18.965157653532607
-15.423455703576954
-17.98279873657525
-29.282788893069473
-17.480313310994962
-27.67975535330654
-26.25352836613672
-21.84990786060627
-13.840617095408577
-16.647939435417687
-22.502360467375865
-23.232740460900715
-7.261352426822469
-10.860291453758926
-13.1192128661401
-19.475875237265058
-6.861709693731954
-15.306670515688074
-10.9779974621719
-16.755707623195665
-18.1670103926011
-9.934083775511233
-9.97642596653082
-13.924627901712286
-8.226362409216327
-10.621318257627365
-17.399251915663125
-8.22967329723411
-14.791357379107707
-7.749018408374462
-7.9036534669688105
-19.24586667062457
