-25.07358765305057
-8.386129849931148
-9.533649633843147
-21.86128014534686
-15.859898720001613
-17.515334795733697
-24.25206128232675
-7.351821168361157
-18.046976859802758
-24.298921062505578
-27.647642903812468
-20.902306445777565
-16.16915511016212
-23.601920347756412
-19.129933662116276
-18.25238437910905
-16.387273933470613
-19.698831168468377
-13.189943187275235
-11.877328377141486
-8.926501002785477
-18.125937748710513
-17.416652028159575
-12.653159532369164
-9.999419174026903
-15.550078421479734
-16.925025714258982
-16.30802973568036
-21.57754689740583
-23.17636423357942
-27.910714435322365
-17.68252628963353
-19.61345576467902
-22.188704765809113
-13.613670280432995
-11.039233185924465
-12.496106448015983
-23.43751036820535
-10.938963252893439
-10.072704599271507
-12.236133986466607
-26.807074815269658
-21.100095370458273
-17.176639227406795
-20.70823532440145
-22.904770477262723
-18.549700484278155
-27.28617610265272
-20.813584461491054
-14.299365256051255
-13.351312055874743
-16.08490884512905
-12.096342637068616
-13.42318895476102
-14.835344193976333
-12.072221024612466
-11.75310940808626
-9.38581443165094
-3.4708228087708526
-14.867525803496477
-22.684806920099227
-11.912914382410229
-14.059205917775927
-17.80313286657711
-20.96675294791838
-22.217885636696113
-25.3941509907556
-19.59330335928901
-14.397547587462903
-22.718988118781866
-15.062920319945622
-11.65999578609488
-14.914642332731864
-22.324911450445747
-16.89626372060842
-20.897177111501897
-22.71570570801763
-15.568350404679833
-22.16973048241232
-12.413263539417514
-18.99796820908928
-17.59778578969658
-19.2996940394025
-26.453998235644566
-27.909683737884034
-22.5318799224508
-18.33941918563073
-19.67554669250762
-20.013647353046707
-19.53439325022687
-23.892852045658188
-12.26875598492119
-15.204941416247953
-21.813720922815797
-14.426799957078876
-7.136449791018881
-9.874509114401208
-15.962646450137836
-19.71454926337759
-23.07229180291028
