-9.866638869952766
-11.27827988380449
-12.756516832400404
-14.228233407512299
-26.549611196738525
-28.245598397218437
-18.001022908896402
-19.043328249216376
-15.963376701220739
-17.14107479420846
-14.767497706265532
-10.335531645787265
-15.717744755558034
-24.04723975216177
-30.317670742108003
-18.661786566277602
-15.687959451198779
-26.845568748629617
-23.310445325208406
-15.80806874454674
-23.543858891371606
-27.89005820574078
-21.723534661535474
-22.813825614636592
-15.907150937319445
-18.692500363074934
-19.83241959988694
-18.67308820638622
-21.325999757252696
-26.52871256131352
-21.353149343127555
-17.52119895452732
-16.00171251320347
-22.608154880051067
-18.30163891542483
-16.190837796536847
-22.22889856721906
-17.584316516635916
-17.720957241459153
-18.392539018415757
-20.93386484866616
-23.476952354447985
-13.372378223988903
-21.81961494326518
-19.365920702634558
-16.409711046404077
-21.050091266263706
-11.95352749236488
-23.550706828534082
-13.464178504228936
-21.449308398671302
-21.80401375647032
-18.492564853136543
-16.271921482565773
-21.941118823074095
-21.54920424735757
-19.582514653406534
-20.585258779522945
-16.532225052619935
-19.010082046839756
-16.75379330220556
-18.91234781504926
-12.712427933990705
-21.730303902830716
-18.4112420513271
-16.33757047540308
-14.924473869602295
-17.58901959490204
-25.24054810276332
-19.838946512299803
-23.020816968035547
-20.033050736714646
-11.87340642599363
-18.241190591955068
-26.407780041789792
-18.022798060025814
-18.667004722984743
-13.95563779785035
-26.777307957579325
-22.411604383293003
-18.699105804866537
-17.6534762780688
-22.826644415808275
-20.1327282837674
-20.552129394408468
-19.832096118661788
-16.99944209102307
-20.552373406396015
-23.218376688714592
-17.361906804507928
-17.219689824040834
-23.75167152412464
-17.94324471202738
-18.413868460333283
-16.921419081280217
-14.910731829111125
-15.698302913348716
-22.68221467588966
-17.60251307025207
-25.72326896628314
