-4.333700606197408
-7.364728155082715
-11.318093038344138
-7.212882996897786
-15.684207215531622
-8.92253660291064
-17.172038174873776
-16.9937208941726
-15.898484362037465
-20.4411427846905
-18.705241915225482
-17.234084774526508
-16.549750354102194
-18.036659682849496
-15.46298531696101
-9.743796906322164
-19.619455016562227
-13.60498372489554
-19.65968550379705
-13.160620480139816
-13.954973363810277
-15.52919505438311
-15.655180601468263
-15.36235864602329
-19.02026098318684
-16.358444920839847
-17.51527668619167
-20.431754454860094
-18.586573316462225
-15.473874568068378
-18.087489808866035
-19.144549794022954
-17.58900798335768
-17.98490295258347
-14.496213300369073
-18.0168867592943
-16.89751317526917
-18.74447247199383
-12.736954225768079
-16.00193824690379
-12.024005149729488
-15.58020014501146
-16.196179271993596
-18.819498896749167
-14.030388899080842
-10.373180480780684
-16.558407932584107
-18.6217981339461
-17.420271424472855
-17.616483515319665
-12.570891113906674
-12.07480506518785
-16.626614146829688
-11.360047248912718
-19.28700312447896
-9.81695899548681
-14.122041703259754
-9.361534377712918
-17.0183471045281
-15.659371037178433
-15.774308067648027
-14.051120287756916
-12.86409998811338
-10.804210662282012
-14.183591569139338
-12.382375759177624
-14.646794807424712
-16.43475606684182
-17.678172034024712
-16.519238140607957
-17.85998833157216
-16.66520597423336
-16.316003548611224
-18.50412158918817
-15.656322303304512
-12.371675409791935
-7.228028388541109
-2.5814403265291195
-5.047937772192683
-7.808564480961173
-19.17199204063899
-4.177725132096674
-1.522310055945774
-10.496364092791099
-11.115930070906787
-12.74501388667763
-11.307343933017133
-4.789146730351734
-15.759343518922151
-11.059122869887275
-7.655308102324539
-5.9979508936212405
-11.129384347505821
-6.021169068995887
-9.688402673412781
-7.909134791348844
-14.99331626341722
-7.148434992281931
-15.616153036013326
-10.867541420647502
