-32.701136821078826
-10.464090684980642
-9.756481673534466
-15.967750785976289
-16.274259496462612
-12.932970456232805
-16.333849388715766
-17.81595650674978
-16.103939788959003
-19.100602839864504
-18.109735402053275
-24.942730165462415
-14.234670237915832
-10.497779297100267
-22.567099120571395
-23.759165121023692
-20.007602543782752
-15.639838131662122
-17.829469485526698
-19.45003480110675
-21.801409238438215
-20.936045569187783
-18.120635261563653
-19.442317846084112
-23.132300603538653
-22.112370217284155
-15.338061301303142
-23.34308803297317
-11.481600046863072
-12.500862353368575
-15.932743103151134
-16.353751467881995
-12.646789116119054
-15.158811705546196
-10.18096446498081
-12.30513254870831
-18.073807224820275
-13.562949944091894
-8.455456502100123
-11.929145536584173
-23.339980565942387
-13.725646814906934
-17.905403748275475
-20.610813135641642
-14.120244880532374
-12.102979243497565
-27.02280842827803
-17.101870234873708
-16.339528675608282
-12.575511812828053
-17.599639019536077
-16.02992593941132
-17.17860399406439
-22.976198615623055
-13.585787599523655
-12.894124742534819
-14.706279194651705
-23.16898540346799
-25.588072858505296
-25.6268309959227
-12.382095112265693
-18.986443783008276
-18.635483002364403
-15.239990510258925
-20.441883785787912
-17.371928323477036
-11.873712151998854
-21.69545060727014
-19.273504024572635
-20.185630320035752
-21.006890144057007
-24.067070024946418
-18.936715435517176
-25.639298933299358
-20.948796612824278
-28.204351898210824
-23.149744369400647
-26.335170459323688
-16.964704133307833
-19.049775134147602
-18.73317981450485
-19.745108352834926
-21.336248481735716
-17.214608139785838
-22.828214940450078
-24.33873613544637
-14.476838546535621
-12.11102958578346
-15.748228329640163
-15.475807528215219
-14.236789993654213
-23.562746862296905
-28.586846912225592
-22.902760437833283
-19.48289964133584
-12.289510284105262
-18.389345176466428
-17.33499639534911
-17.096568434706015
-14.30071291291442
