-15.765597910497137
-8.691624448536706
-15.768501459273947
-19.54888885270144
-19.044171372228835
-7.199723373729875
-9.577185395529042
-17.779150401462598
-13.814606170327636
-7.941076444488855
-22.381130437539206
-20.482338697668855
-19.842200161759855
-20.48346941517991
-17.968198439298362
-18.390913423796093
-8.30299633512399
-16.077995411595147
-26.089680654141063
-13.257872827831557
-18.72007162732665
-24.361259128053852
-26.28803927072258
-19.048342343444133
-20.749835475252986
-20.167997289116673
-15.575712172835821
-22.691910994122345
-21.302872723277194
-13.18740448042389
-16.754535278379322
-21.8832526908087
-18.130551624703518
-28.803451879231506
-20.34156817606072
-9.698845403016842
-22.07546799789529
-19.163520487701064
-18.570964280840542
-14.109235404771479
-17.83335551607351
-19.0040050651765
-15.582725768663845
-15.074598228663257
-16.01155695458226
-22.568756189637458
-19.87666531063745
-18.96913235820956
-10.887375966778777
-18.78494715738945
-12.56319320515708
-21.6396980666881
-12.527354297882667
-19.49998124139247
-14.316276110619386
-18.060624644185555
-21.29525277275557
-13.023079084381585
-13.027478045823255
-11.973403240225334
-9.505115508091716
-18.512119409348074
-20.887982737036683
-12.855141805509561
-12.097828147242037
-10.582344403797734
-6.663516017937392
-14.262903591904267
-12.782257173158143
-14.583538981152861
-23.012203148621925
-13.717301671376983
-8.713467102194086
-14.172371653195126
-12.799152258628169
-12.620286529440524
-8.440108467691273
-9.574895875367247
-21.69773746062767
-9.957855524167105
-28.266285431540503
-11.883445080577792
-6.324272342106963
-8.977865859006071
-18.359941891882762
-21.580876468669352
-11.18137569830399
-9.566342495430792
-17.615485349360238
-5.943836564430531
-9.34432685718081
-12.391390176035761
-14.515917493769118
-12.167230007523454
-12.42475878062708
-13.977757261319132
-13.952759841538375
-22.12828456995026
-17.235763329557564
-15.952852953802283
