-36.404553722626325
-12.8313329487092
-2.6808680819904183
-13.851541773926291
-14.034800480181886
-17.053492860690476
-10.760267849305825
-17.45224415534249
-24.487636998653265
-15.95005233492002
-14.568187742321925
-26.23025593396422
-19.09040325467931
-7.976251661197012
-11.897205352018066
-17.419382400601418
-14.734703475477223
-10.778454495423889
-18.503278707579586
-21.132122691842902
-18.611855151568136
-17.152066496040913
-15.813751530538605
-20.43143721669404
-11.498275745132833
-17.69408967209648
-14.543083461591053
-15.205727394952826
-14.937733899391429
-18.398431990433153
-11.387477113538466
-17.799748863528084
-11.626974332229032
-19.99280341559243
-20.81972678752618
-21.662570167512648
-20.902012653850694
-15.774533670419894
-18.25723587021561
-18.819770847589698
-19.713587499981255
-19.666116223403954
-14.823377334052802
-20.119427225902786
-14.101023724095555
-14.52981030814071
-17.090059941147906
-15.524551785745635
-12.988902999088683
-19.675324372170188
-19.24589273271596
-17.695243064011496
-12.268598080103606
-24.60271513747018
-17.26196816854973
-28.414468944412604
-19.255871102262766
-16.391900386530313
-19.971343082305626
-14.490063702942376
-19.03548219772481
-15.734386759672566
-13.604624797268576
-13.246318065798699
-23.4947383995157
-21.80216950199786
-12.184394682374833
-10.634796873886128
-16.11837601742976
-17.17108235221298
-25.615727327987496
-24.966454648742427
-25.081905148957986
-16.81436655255096
-10.757878726350137
-19.693468220730825
-15.9504420578421
-14.651327961374296
-14.468543757056858
-18.62061408420834
-17.488296742997388
-11.848292661288184
-13.075882943882668
-14.432562778317857
-27.335884321442784
-20.315146913879822
-14.909762780913399
-14.741864091211697
-7.490679656916627
-16.877688925756182
-10.177187297388192
-10.5553601089049
-18.203483064337583
-12.627566691406523
-8.553753945930373
-20.472004269700072
-14.479895908862431
-14.4261666176326
-9.834377286881832
-10.190518246448063
