-10.261552504406525
-11.89439291583957
-11.260417565575638
-14.190128262863325
-16.98365489621959
-21.79994778344433
-17.49217737444279
-19.99321137843629
-14.497989228541353
-17.925882672167866
-13.157524500738276
-12.057411840416853
-15.986458944056844
-16.393228656242698
-14.45775756160142
-7.888258654177391
-11.284856942533521
-18.53476460719201
-18.340287120482344
-13.903229714601844
-21.81293388977346
-19.642527773571107
-13.539580243621364
-16.866086984353622
-12.99678073664841
-21.38051771745755
-23.193792102498925
-18.038722390374392
-18.834738490360138
-18.232526131965137
-16.641707966595185
-17.802009710663192
-18.031212357334404
-15.343424171230016
-22.161971441698057
-19.115696277406933
-16.07254565588058
-14.178632808715378
-16.439951201958607
-15.507840986193973
-15.870614941537147
-14.667325043931902
-17.782426953353745
-17.7878919969151
-15.459311503463164
-14.47105430741745
-13.997129268265303
-14.577730578111835
-11.73467079665121
-19.328287631235334
-14.701598227442867
-17.06186955782538
-19.65422911065086
-20.94496484765499
-17.017660173817028
-19.299721698507142
-20.306702020281538
-8.75961540567133
-4.555448698715398
-4.097002902683419
-5.194742759999936
-7.700166496210851
-6.10491892091349
-5.574342920462396
-7.673654855922142
-3.8007453584361386
-11.426052199058265
-7.128579454327367
-5.745584176062362
-4.432815276824507
-9.661917223702671
-10.867696320498967
-12.2049522161167
-19.91882803420874
-14.680144178078814
-19.705533284450322
-13.64325687747282
-11.973211925423575
-11.017717944608755
-8.651050225397762
-9.464753495687292
-10.030946897363899
-6.157296351699029
-7.165649841678137
-11.395247584088702
-13.971203345693459
-11.139407204296022
-5.790894115517624
-12.468419165047862
-7.049341871336359
-15.210880418581523
-14.252999652222307
-11.548165753724724
-11.90307533702347
-13.43840975733444
-18.273419302255355
-14.799957199409645
-11.175613112495054
-9.782768634186173
-9.954851774806569
