-19.062778845554917
-13.382856764978563
-9.3549069907846
-11.413759908276834
-13.8741325277838
-14.055382013815775
-17.258531249263488
-16.07513356816963
-11.11665117919662
-17.34888742536818
-15.751831316934764
-14.828905430042477
-14.985340225973449
-19.142568955383393
-18.982324555914936
-12.390854974505705
-16.477849383162177
-14.667033333201278
-13.9343624149743
-16.790622006188737
-14.122154708681059
-8.9549591592172
-10.469150551155941
-16.463118367327123
-20.622382063777845
-12.20925581209834
-19.193798550238967
-16.26252996439262
-22.838508802663675
-14.875915418521183
-16.877368793485562
-13.605003938294795
-15.189511140623853
-13.145517089801677
-10.913725688390363
-7.708386235571005
-11.929482149899734
-10.007289145767604
-16.39440166828835
-18.627481820092868
-9.75414686887153
-16.552035930149362
-13.23402461989461
-15.98369869070718
-14.8722525409367
-18.286543853307535
-17.56499595151324
-19.67118450163572
-9.983838967231888
-12.56855976375933
-14.626216544166383
-12.039288804947928
-4.896739147550033
-20.52553450096198
-11.65614866176809
-15.120373832222482
-9.356479152584406
-7.208800722379116
-8.545044365173116
-6.473430816380703
-29.340872758523673
-23.697864507010266
-15.287005202846952
-9.764385199207423
-11.285734944313631
-20.5956803875192
-10.591191028323632
-13.575371159006739
-16.479186198994014
-15.362306350811153
-10.168503904704767
-12.79539693416221
-14.642611532712172
-7.828180155364627
-8.671807156901936
-9.341785258028667
-18.36182639005751
-19.68049358821684
-13.14913806758884
-9.872435544964901
-19.807085522929512
-19.746790096918804
-15.045713101177512
-17.02384206431297
-14.96189455145755
-6.838072316872431
-22.51666119975709
-14.884292225097534
-13.563666429212153
-11.326844884956481
-19.577224900214524
-11.950016735061515
-11.339692669913838
-11.772017823954874
-15.731990947552756
-16.45912764572058
-12.560497830028012
-20.00735761969533
-8.71411066756831
-16.694684721074097
