-24.959061527415383
-10.801182042664587
-9.436021202962896
-13.952221217835856
-15.275694534811898
-18.165471326088667
-17.619564995960783
-14.906804394478058
-12.115815389223652
-13.935722690290723
-11.286454711451752
-6.353919927664881
-13.384068311615158
-20.15688024716732
-14.782226994598899
-14.963843980882563
-15.354121342967824
-16.80661566996273
-9.502766760922523
-11.976112637966493
-10.849654992391482
-9.295725080753133
-17.014101148031727
-17.153627555436923
-14.219788353935034
-11.745209199519117
-10.699472101277888
-13.898025441359142
-18.025846679529682
-11.494175968820185
-9.733985331762083
-17.30853310655563
-19.83826528018363
-17.39895443957502
-15.74067244087767
-13.48610441275207
-12.749905813449953
-16.303722996544384
-14.714145409082855
-10.376348890208838
-7.875491538508648
-5.107144693836269
-3.483398536434601
-8.487413652417834
-11.034881419059639
-8.946300263668896
-4.715592373234372
-7.88675420884136
-11.901158500311677
-10.108393163017197
-13.229921295181233
-8.518436519948953
-1.5918589350169743
-10.647197796386454
-9.695211109630035
-15.703266561307638
-10.58431472049322
-18.302795793859147
-2.547672931033569
-17.535399166312125
-8.93105527413865
-18.43472394946122
-6.556883342859722
-13.820148154492399
-5.8316900348084255
-17.597007306796435
-19.1851644517798
-19.828167889943057
-15.7027537283034
-6.49023069466003
-12.503752702564887
-14.152904831246577
-16.294626803170857
-10.379299422527001
-14.060486221883817
-14.772731877493547
-11.711655589039585
-8.365033959096689
-14.804546192146894
-17.41401156993133
-13.213216082596352
-16.711768899515068
-12.230327088040314
-11.240748230424128
-12.189053372543956
-11.580391321735986
-17.26791368483971
-13.928384647780927
-11.969077451179778
-5.101740085362092
-8.866601188986259
-13.37304675928296
-8.618467616829193
-12.406107749407763
-13.622851540768611
-13.721536426827852
-17.020637451991607
-15.61939734858681
-12.6476976513195
-3.3651468638771354
