-23.538804134151057
-7.416075754707412
-9.584144814061236
-21.34485809371171
-11.22982989999831
-16.21419163295452
-12.281560223280009
-15.526162314354304
-19.962959197822883
-22.27879518977348
-21.545574732405115
-13.21773675785023
-12.652374661019026
-15.764935686980754
-18.28746330603043
-18.794998107898518
-19.23849231927651
-11.86416417920328
-17.763878814274445
-15.146055564460292
-18.156411277849898
-18.59319173154094
-19.796965965830772
-17.404241464595515
-18.223045793985023
-17.905098677502608
-20.54388807456182
-20.652998514995648
-14.335361555420743
-20.36657167812637
-17.391400090047625
-17.085706595027176
-21.521965236196387
-18.310517760966093
-21.516936279810956
-17.655835212203932
-18.90098561098356
-15.15702727702731
-21.982785356094478
-22.65291572696004
-12.46308195824949
-12.010672815182232
-12.93719301861645
-13.559209451546243
-18.775713570957954
-22.68364422543014
-22.692743151799043
-13.331452032880998
-11.804912832473935
-14.061921913664445
-10.857973174375006
-14.494099199761731
-3.5805049750261375
-19.710926539899212
-17.61623900904493
-16.97949094718709
-22.522519842992903
-10.168340813550214
-22.274266590956096
-15.440378211281486
-23.014706199286834
-19.795535463673588
-22.159948962249032
-16.329436771059516
-6.365266914112316
-17.44683263589828
-20.204948117178468
-15.996149091430809
-9.978377907983237
-7.07059052191899
-12.465875225230223
-13.029196998661561
-13.585469359383653
-20.853295502567157
-14.41092690333674
-16.69776468087392
-12.258184621132866
-12.470924931225136
-10.845357110631552
-14.525762098195935
-5.81856785689145
-19.963268304737554
-12.563014660694282
-6.36767245622735
-9.558329506070383
-15.223615183448782
-10.269414947949157
-13.094690154091253
-10.48554687420335
-13.072362693786191
-20.153270053526423
-12.97314480665038
-13.97497698257274
-22.497225080226503
-17.088123050044263
-11.149412724487846
-19.45621443081117
-18.082804170526014
-20.009884497161664
-17.38168856397951
