-22.32428951900417
-12.434245229351683
-11.786617738438581
-27.594937422794416
-19.98893464973261
-20.729102177163966
-25.806431417844564
-13.937951488301483
-12.227697161385995
-13.391329304339761
-15.984381892636595
-17.921243823992015
-21.16489446066424
-17.201374625691148
-21.0546356298991
-19.06401008183797
-18.294642224501214
-12.471374468485788
-22.411342248295227
-22.095847832155727
-16.75836864020149
-16.60050628037672
-16.634481402510946
-20.586489825893896
-18.313131911587085
-21.157793699536104
-16.158898961187255
-14.021803244437333
-15.3253425481669
-8.426257835702765
-19.537198883108204
-18.139202771986845
-12.42639701656969
-20.749880849961933
-20.7793379509565
-18.4067540665093
-15.94796952569357
-24.11948917135816
-18.81600460734586
-18.43843110016905
-21.606064415564692
-12.332596744297556
-18.954886197915815
-18.26827298135507
-21.314698865538197
-16.75068983586727
-18.63450113455538
-14.80301287459623
-15.39136782185102
-23.58846279448282
-17.79023744443461
-15.417457230366121
-21.26997021216914
-15.624675772999144
-18.10573513950954
-24.85940857282446
-16.734694512076803
-14.746006797552159
-20.674514232541544
-18.650573876873924
-17.627112929309956
-25.5681939866467
-20.77835883189596
-27.471065583703925
-21.6213300793396
-13.166807196882717
-18.393241272820337
-18.70859552787697
-21.32227158416314
-22.9759628215992
-19.010099468169642
-21.064038733443915
-16.065147044969095
-14.771351495453075
-8.620637682561041
-13.582593620589526
-19.679875818195057
-18.843302531353288
-17.310117299058035
-16.831191765701686
-20.631701872967188
-17.830800899119776
-20.135611913653893
-17.500337613882795
-22.81844043249638
-11.236190121799217
-22.051168680865942
-17.656064436063776
-24.38851789696055
-16.66723955518258
-19.4281208929965
-24.345460103716498
-14.069620742587233
-22.409760230976552
-19.81269033983138
-16.660253739437437
-16.33806964328481
-22.93285250381102
-20.426935843178278
-25.878989959892046
