-24.972530298490575
-12.580413836244887
-11.415379103222355
-21.156755944073154
-22.07021823530611
-21.144882592835234
-14.290999718112655
-14.645135212425899
-18.563521251652737
-15.660323132195554
-22.799362316027338
-22.254097715951517
-15.672236022381265
-15.901354034302004
-20.921452593267514
-18.19366001123589
-20.65085881204437
-19.12714423277739
-21.068175345072518
-15.241694797337843
-16.932112482551567
-13.967408995643053
-17.04362380358285
-18.025470433613755
-15.571148611042505
-14.32490777915474
-14.755981954675429
-21.642219784253484
-28.127392698513532
-21.453955946953414
-23.32832835020791
-19.20081567189453
-22.464760641706675
-20.71897114077896
-14.906540218603478
-25.34698584808791
-26.48291808560836
-15.779153871293914
-21.240651686698463
-21.782492473513166
-17.700537537859432
-11.530896499079352
-15.498688211794573
-16.254140000524778
-26.868846868623088
-25.0590842424736
-24.572974353739987
-18.364336435803853
-13.823230314412244
-12.14810009088608
-16.922302074767842
-20.67423199590086
-24.41730002711907
-12.340699427750694
-10.55405927144923
-15.41689691651112
-10.614369043885238
-10.161480592493753
-6.089830115970322
-6.715086005615188
-4.567869015235969
-17.897133775860272
-13.389671503135272
-20.90519819290656
-20.365812573158383
-18.386663755186515
-12.968022481758544
-5.684302088297336
-11.883669256407929
-10.926254458121207
-11.137775607510385
-6.160686423994395
-10.715955177867867
-8.541332164087947
-12.308315411161503
-14.202039061305948
-11.550696653353313
-18.929723488198434
-13.627163163262864
-9.592308412762181
-9.243281737202915
-19.003719684583906
-14.716651912079802
-11.976655620713235
-14.693365552095658
-15.733082567116034
-11.199741993759208
-11.879679346260879
-14.615013504105876
-18.346976894357702
-17.371719017572744
-7.109277956574184
-7.502656195407746
-12.73324006901815
-11.713877980511398
-12.136217398883778
-18.481727390267622
-16.841350941328734
-8.314584591997821
-14.206959909729758
