-14.78763444544232
-12.194916145069396
-27.640583788370236
-28.40274700922296
-24.68766844011303
-21.571956382223334
-15.58093428109053
-20.95702047767319
-26.517289510554065
-10.092477006065328
-13.819891042401341
-14.573740095493445
-18.39753327788022
-21.5746865779357
-20.32109128815167
-13.642666744617502
-23.029496086159945
-17.198372562427267
-21.540402644507928
-16.52570781660659
-13.169609727398063
-16.11827980263607
-14.81625942510205
-12.64496766003989
-12.281780221602324
-15.359126992753096
-17.418155639134444
-15.39974789731365
-13.642844385713852
-17.958893000014733
-14.478158216167767
-13.317891725887947
-20.566509838316833
-15.588204392422801
-15.235515821104316
-20.242248662893495
-18.857798867183607
-17.240942602253934
-25.992450267830343
-25.686749634801284
-27.04462318447287
-21.843035572993784
-20.619021155243573
-26.9620980017948
-27.238424486642003
-27.22792189495561
-11.884591290084916
-22.017586127485142
-18.508724013219542
-25.69018975878692
-17.623508225682652
-21.5906483053573
-16.388610386246352
-21.57841800825903
-16.766473606180064
-17.97824175967724
-18.55544846367487
-19.073910705484
-27.346834030753584
-22.69151974027288
-23.36240898269162
-25.67142276737602
-22.928381246747243
-16.885188912211845
-19.015489712634498
-22.144018834258162
-12.255952442627983
-16.860778558795815
-22.84805836884618
-10.185112445162616
-19.81226539566281
-13.99373677310588
-12.563922756146297
-13.715807208715336
-11.947718297521682
-25.741973075979573
-20.56442420004818
-21.23673961451833
-16.137270343694222
-16.689628746195424
-22.664435968360916
-16.589124681148455
-14.511700184320322
-20.217928722068056
-18.074299893098363
-19.68756029407496
-23.04973353300629
-19.974528647104652
-22.409428562274684
-22.402469459483033
-21.0040683447321
-26.11420436382384
-12.243422345035688
-20.47741548090951
-10.90855966841574
-22.317841219658778
-17.21712038687128
-19.463526736491033
-18.230292495482125
-12.193627308451093
