-9.385411788823426
-9.379689391665059
-13.528266053227025
-15.894233531011869
-14.009739580741048
-10.87436478016575
-10.983895608953844
-14.084590373301374
-14.70408855107311
-16.587051306795473
-13.169838293650717
-13.653075182698485
-13.292444452600822
-14.15723340685769
-13.879778337219935
-13.99866606221032
-12.40711791942135
-17.493471763071714
-13.606823328377095
-15.92023320579719
-14.497936571412664
-14.212835654545621
-13.582889892159123
-13.294741243523386
-16.762898719059386
-8.878630414478614
-14.361977153801064
-14.962251488166416
-17.357571446842172
-16.503826826415217
-17.419766220796834
-15.932824493137579
-15.023668256124244
-14.173655556499693
-13.027433441527553
-13.504815762971694
-11.781836201856823
-16.69651520911886
-16.70129076754095
-14.354708564931803
-18.644223861420997
-19.24477284156311
-19.000104772974954
-15.569024481959085
-15.418449208917195
-17.067005157147424
-17.765729662117508
-13.50158128447787
-14.016410495443433
-16.385086935431534
-16.444303726796136
-10.908462348783853
-9.082237118088742
-10.135164723093599
-3.106707152912529
-8.129684219721785
-4.148099457574795
-7.731766762234004
-7.965162928844968
-7.244265611315617
-3.547964151761262
-8.338489503322414
-5.812962363309405
-13.615787654405068
-13.165999759441501
-7.255557416790083
-6.9684570859031645
-3.648189437347747
-10.7344746665662
-8.42526754472742
-4.60230863655756
-8.95139759668826
-8.726888427943035
-4.776365227314079
-6.056742651851261
-17.231701059949103
-12.029160554162383
-13.356025196521458
-12.871477516617
-9.682984085816143
-6.823709846900865
-6.303906495024988
-12.453753704282189
-15.030649412472448
-9.122566917094245
-10.777472244756026
-9.732824008485466
-14.766317554379079
-11.729322280264336
-7.826635190397934
-11.045049537485552
-16.394751566743754
-12.399929486485094
-4.603158786963817
-10.39147789419681
-6.451097647028781
-13.976773236053823
-5.365079129011127
-18.229482227973133
-8.830844098585978
