-16.84259863714271
-11.216701343233563
-13.003278309251233
-21.823765593718235
-19.852923878765598
-24.48403921540283
-22.21287838985691
-23.473206304859723
-15.535326949145718
-15.860281031366384
-25.61504815049956
-20.076262133512742
-24.234845109491495
-20.440848982097304
-20.287602521912397
-15.907291334947823
-9.535948708330016
-18.51668311335641
-22.28414210770339
-22.72742251252587
-13.034259609397184
-17.04338096985947
-13.56457183706117
-13.56579658681406
-14.418144236309905
-14.451715823371384
-21.893722639330612
-21.90004961330633
-15.229472971814966
-14.215964394095334
-17.969482858211375
-22.786008013374932
-16.800395506879287
-17.746739010441175
-22.935695480127848
-18.45362522772802
-20.958922632717112
-17.20732918126265
-15.43592546495432
-22.470526678057357
-18.590233529810984
-11.429963272273502
-14.59603207910577
-11.616727074423327
-5.893321313978886
-6.176786143787461
-9.798330582169656
-15.798349414275293
-23.771652194914132
-22.001303161824623
-14.09715015194156
-10.543903924626145
-8.024480831513507
-2.3708466166858746
-5.321213911446105
-9.7172634802553
-26.489232989498156
-24.738035268870057
-9.386152243273793
-8.459314483753653
-18.68160700281262
-6.01665331730023
-12.073111862915477
-14.782031958275528
-15.068148887815198
-11.259584191973891
-10.482717156123094
-9.5116779052683
-5.5207089861714165
-10.49632234276451
-10.417637611609583
-14.979043359426441
-18.582682906622274
-22.64357116000959
-7.542077527914017
-12.408936674734388
-17.80033784933668
-14.117897223711124
-15.57045064687583
-12.222339713164695
-13.366059741561068
-8.936532873093263
-18.11392316994925
-20.781034148557055
-7.5433964703573295
-6.621089589657117
-11.723562219668139
-23.038659037227003
-18.841251454219993
-13.338901970457375
-7.913017968650937
-18.534792483503562
-14.230830879766119
-15.307807616782911
-21.033462802264737
-23.749785796977815
-6.763811958160173
-9.338035049749
-24.433698415693826
-21.422584928869583
