-22.598092403667803
-11.654782296860706
-16.620631358199482
-18.619290394861704
-16.737238637692407
-14.844713036623332
-9.2499952191963
-13.83046630779379
-11.003206033684478
-10.617049722690513
-15.325376794624248
-17.980329756699707
-7.824991589912818
-13.350447378938064
-15.015249816323056
-6.191331123810109
-4.842731169368023
-9.146801412634943
-4.976042208427778
-5.388734415985485
-7.632982715020384
-13.195956948177082
-18.391796895107355
-14.276794165050571
-13.083156302163431
-16.128288167277113
-12.692670203426657
-9.248847409837044
-10.058135696369183
-22.584932971130435
-16.21382075444858
-13.400278095884351
-16.312106367290536
-14.323198757643517
-16.24868333660682
-15.461938516365572
-8.562579067060847
-8.950145460752129
-14.269984589664745
-12.764973111331827
-16.190068041683116
-8.421218867480405
-13.941464804067174
-7.353071594067206
-14.803783609064576
-18.02013419538454
-16.747696671723773
-8.756976385508699
-2.1410214757341524
-5.087620090247199
-6.213579450354014
-5.437958231373189
-16.021934152397666
-15.427884653995843
-15.147549671684583
-14.006850834102444
-11.517374334847322
-11.59995727641756
-12.748751116594995
-8.66025566923529
-8.852869275951253
-10.46985045444673
-20.842190181618186
-8.564311060832758
-13.780662670131495
-17.497724257102714
-12.852282057208269
-10.001381735102903
-14.303791804797893
-6.826931588230705
-11.36127748117225
-12.162658257634282
-11.744016541276645
-7.515495440984239
-6.661219864830914
-8.386161230310803
-17.590450210784493
-9.849642023194308
-8.653110061164524
-8.468535026301632
-20.175032652249268
-8.450117547541279
-11.922212107748454
-7.707418351298484
-11.935549778435178
-11.56988276414549
-9.520112121287566
-8.68658421177266
-8.27702875290604
-13.715511805365004
-6.7048332436116596
-11.426833653582285
-12.733165649166581
-11.294597303143831
-16.891735019770156
-20.03696496428925
-17.49309796780412
-14.872368509314864
-10.633594292844025
-14.3494242401657
