-10.15274205242106
-19.023984254667074
-18.608038980645574
-17.149625570802755
-13.264637711844632
-14.12555826310523
-12.64309643938239
-11.036057364325554
-14.258313688347465
-13.321676264339661
-12.240225992074741
-19.73058233327713
-14.817939418293095
-19.056610084187554
-21.68790556255822
-19.474526038192458
-19.065244582865684
-20.082577393302827
-17.82680779052696
-10.730051271072139
-13.635592370433676
-14.42029480841503
-15.854647472965443
-10.22229651199795
-15.918064656245903
-15.980136634846994
-17.550334317629318
-19.60376550176041
-16.63482772358116
-14.882347000947822
-17.758022977789935
-13.620927297019144
-13.628071494844255
-13.441216012511129
-17.16236174121737
-12.584740313628963
-8.491149231429386
-15.134348787256688
-12.031975818409252
-11.642358290699187
-10.3556802096311
-14.093912141243095
-16.993352146069636
-19.719186134091608
-11.498027633373496
-11.361385696175542
-13.725581438580809
-13.861773393681633
-14.860154095923415
-16.12872916175719
-17.647800884806614
-14.102502757052504
-15.567333673470522
-10.357539215822872
-10.604781914564178
-14.259704282654765
-13.798957743105435
-11.645195977361615
-12.0714609416301
-9.80306119183535
-19.205513029568188
-19.698465656306343
-14.036732320421052
-17.275208110337225
-15.264252506014103
-12.871320785576097
-18.115738424449685
-16.47761992458241
-14.760315605475869
-20.248608489519953
-14.397607765006876
-15.534125348846239
-18.540889370383155
-10.604893684529209
-10.748945597411423
-7.446923885877923
-15.071910735580579
-7.273929970663137
-9.509327759811844
-7.5554916994528165
-7.198900173851743
-10.136834320555085
-13.653141047901343
-15.714610842999706
-7.396891461536625
-9.604661338327418
-9.391541670416691
-8.368049355207996
-5.687384485101108
-11.08878678092049
-12.011900913862009
-17.651357918048152
-11.479517783336517
-9.154128689181555
-14.049059308588637
-13.503966218544
-11.661537190762434
-8.818095919521733
-11.136149890589788
-13.88168967411757
