-30.364516247996615
-11.414516696756937
-9.904803036844912
-16.17756546748324
-10.579794722166753
-11.863720802421213
-16.83181956073903
-22.735033804336858
-20.404325184677983
-21.631522817980834
-17.685433548932835
-17.417596928091694
-19.095021198490468
-19.80265589301113
-15.934139604620501
-23.09468251576083
-18.100764043933307
-11.19145873522764
-13.119385300842348
-8.07887031225633
-15.515848921178948
-10.981501193323856
-15.16564193263722
-7.991083113548805
-13.940652033105538
-14.701899423930355
-5.701590112201709
-8.788401313240694
-11.244384180034748
-15.618243692401728
-21.49671078083433
-11.048942138406787
-10.386787746698674
-7.840836361481304
-10.95739650646043
-6.550093015285341
-8.395402900354927
-12.758990375563144
-7.825447273501115
-23.235903500817916
-23.67250890161518
-20.666182837827044
-20.14460686279654
-2.9867111210243897
-12.840760393072465
-11.284699457765239
-7.490254351635867
-8.908391744897889
-16.33587223297474
-19.995620777924174
-19.299055702426543
-22.71619601744769
-14.201140294018966
-21.587808092989277
-13.626717107334917
-16.68001885013053
-19.37803638665735
-26.802005384636896
-22.300272366527004
-17.046645176208887
-12.390707001524113
-18.003616728614535
-22.041867180898507
-17.94362847554646
-20.70534094851136
-21.146325203559943
-21.56494450395179
-19.224876713255625
-20.05572546885246
-20.556769859728096
-23.852872092499766
-27.08417550571555
-17.717706735248356
-21.05262336253093
-16.90467335478808
-20.971353893905626
-9.592011482372069
-16.239534080598418
-22.071428075504166
-16.735552551744053
-18.57537072038485
-11.818656761766144
-11.426413413290078
-22.373548163463667
-12.644300388491757
-18.813088290296918
-8.341994827631561
-10.808713909833816
-11.156183653428261
-9.527859572216242
-15.00601302852471
-17.219802445793484
-7.6389134451453335
-12.618455140017957
-8.38687106155576
-20.00795209739503
-12.489916608978588
-8.2741133247983
-9.284124962466791
-15.576689988172674
