-29.699782742651053
-2.12196458915486
-10.427385950948267
-15.488439357727346
-11.971804048260033
-14.783199363354054
-19.158083520748363
-17.395977977970702
-21.992690493422714
-17.39161782858362
-27.515843575251154
-23.349287916652777
-15.367258099520848
-15.468271851285197
-10.526901861510822
-16.20419710025781
-21.15983205735074
-18.67924797463891
-20.31469188136659
-17.79899552347034
-21.851909774725833
-14.419371293762127
-21.140146613108698
-14.696271344129377
-13.402629934647882
-14.864357812101062
-14.190933454259271
-15.485328056613527
-19.92031367306961
-14.210799608164724
-22.60501778116947
-25.06759062542371
-17.54817611977683
-24.417038334295267
-19.340606940976436
-18.999678550484404
-16.258468466869957
-22.10098053963287
-19.40965150657877
-21.62259319589471
-28.273205205058417
-18.138221956347966
-20.473167875322456
-16.00869504328762
-16.306803223395015
-28.570369781526733
-14.222363318038457
-13.026783247726279
-8.882695490682057
-11.601469792429205
-9.883840145136382
-14.398969226448004
-7.74814970702507
-12.343768849685535
-16.524192266148027
-15.281689433412623
-15.066848771701814
-13.62001238129746
-18.95620460404394
-27.53563242065454
-17.97641583577368
-18.37951610932737
-19.882381083549564
-17.823037176115207
-13.435669078703025
-16.986249128126218
-21.093765868892394
-13.650186754780298
-21.422030370088045
-20.835142221952573
-15.114113801544818
-22.68456817968297
-12.862224345239238
-14.205984136326657
-15.323622793117286
-26.867681878912123
-21.6272027234306
-18.896928370321422
-15.745032425501943
-20.962376085208497
-14.926437121341726
-15.212966571560498
-22.79106539837514
-17.805575742824185
-20.42019386051311
-17.397609098107054
-22.646257177733087
-18.425522673400298
-22.330125961358178
-21.447358377788625
-13.151597801223108
-16.99440544015469
-14.653249622904596
-26.786366117040103
-21.567595475339786
-12.852550680370122
-17.226249447135807
-15.615260535409556
-10.426224128548254
-7.85850979609984
