-25.018381638150775
-13.93924248237222
-10.5255427970821
-19.51171477120012
-23.61613164887303
-9.334103739938946
-20.63152667707792
-15.339758329978642
-16.651560806306566
-20.99483956643807
-16.54334783808979
-19.230628364987155
-20.5003050523582
-14.342786919900467
-20.299586826729325
-23.11134076662723
-21.06391441440129
-16.081624483103177
-17.161583870500174
-18.368858191027723
-18.915141652746037
-16.40912098171597
-21.869687001253133
-17.78127016980161
-28.206131686339713
-20.48733670337684
-17.868045248880264
-26.194710905191435
-20.0548053274335
-15.843054979520874
-12.812241886123232
-18.76762061631381
-25.510348617503105
-15.467261226114662
-15.211953720601741
-19.185732766700273
-18.381189182257618
-21.771281302156538
-25.168370558398387
-19.34891275840709
-12.86048401818317
-14.357175495350685
-12.268800351726508
-20.54763010143494
-22.459744325294224
-21.4860346204679
-20.219868252580806
-17.684023995870206
-22.110597671410513
-20.284813446515507
-19.948866851424807
-24.743543078219666
-21.08379688257179
-27.853773982893138
-23.597468809117593
-21.31885705001449
-20.327482229772144
-26.409233949755958
-26.486488527241693
-20.42128986978532
-22.57000343206542
-14.583405837321859
-17.378793392464104
-11.186597179531626
-22.419189128244778
-21.651425209971052
-17.628861780592597
-19.767413059432762
-15.757948856494073
-15.709446984980692
-15.981152306365294
-19.067523159028664
-21.657057293233994
-23.066738970422374
-20.62567541097178
-17.96760912301876
-18.698600076898455
-16.524743016638237
-15.228971496060723
-20.796509800802177
-16.66469657837572
-21.657872087106544
-13.810744277463948
-25.39126342784303
-22.747846036004372
-27.897100220993256
-22.7204027852923
-10.703145075732964
-11.704987496379326
-10.996907993736324
-15.08159707959876
-13.833319376166278
-11.088028488458457
-22.59588180503644
-11.358630587458421
-12.273874974576039
-14.228963464029258
-21.959776820221663
-12.48645521796536
-22.065417025134913
