-16.390003487881618
-11.132669014436049
-17.255025102912462
-14.577195981545627
-20.22741909780717
-22.44308748428056
-15.562597717130307
-12.686883561400089
-16.879949868629865
-9.264397216297377
-21.421980227761253
-18.026256532207263
-15.88010855550823
-11.362214810078484
-6.4294574884276425
-8.282082550583258
-9.744162362100218
-3.2031651260704233
-9.47076451888084
-11.859917207102917
-7.660472170945354
-9.880447866890572
-13.214427581964515
-7.29066312758284
-9.40056651252053
-13.000149837187614
-15.296711658914575
-20.719325651034424
-9.400311949842807
-13.918168587381432
-11.776501289956208
-10.584329922135948
-9.26227778756401
-17.032001728185225
-10.738746458623341
-11.228478217232619
-8.464302202675032
-13.774290389841312
-11.312308947399648
-21.570589791757076
-12.221655675137171
-7.0080760765281775
-11.573699685603257
-22.28934452318965
-17.604894068189726
-10.691841955763774
-15.51642286554595
-17.64620414630484
-11.876436313335798
-18.878091148924913
-6.635406656201145
-11.63217028982862
-12.944745730518889
-11.41854321868984
-9.253661017383852
-11.370300759559585
-9.64703661799083
-9.271561678312754
-13.551929237508206
-18.350669057118775
-12.531873914874081
-13.687342564342403
-12.186003727154713
-12.528544532031441
-7.829713497741814
-11.700778959778305
-10.948988858583611
-11.034445392435353
-11.798444255341366
-11.707829268990318
-17.634497541010553
-20.57347037854247
-7.053805186856556
-8.946211359573336
-20.824013917871433
-21.493988113890943
-21.35687552877819
-23.140667065282667
-18.037038021499885
-16.493400922331677
-8.870177337848117
-12.572178596339178
-13.062715976282076
-12.612591989590113
-19.432872937191654
-13.202165704412895
-11.928514993435346
-10.174690990740954
-7.656663860340971
-13.550538577542223
-15.480130551723647
-13.676890992122404
-10.054269798502974
-9.468691743167993
-8.724103487811481
-13.08098492399027
-15.681785570663822
-12.762030165900097
-15.462793513379502
-9.983909905563516
