-20.1629677833476
-13.506370836416943
-27.49603569974746
-21.19833403993764
-20.177975276570336
-18.650626224201595
-16.42987697957118
-26.733654166486737
-20.99074429307663
-27.88960707246663
-26.03918563300158
-19.93731337346752
-19.762863634777084
-15.28546054259502
-16.599625242183976
-15.295267705641352
-17.928052383260628
-19.888383839017443
-19.00245885419473
-17.079428917691807
-12.714644393651104
-15.502882706533814
-28.332530259016657
-21.67075557905695
-20.45830539801121
-17.84746726564445
-20.586908138328244
-19.008092721076093
-20.243401502560648
-14.71332039670626
-22.064259419974135
-20.968357700378792
-14.762601802474913
-15.434482664413526
-16.73944423119066
-15.459306050058704
-22.977486543163952
-16.252180389072812
-14.707013772641744
-24.143147802443902
-23.05597726223413
-19.05317744647574
-19.24542557179847
-25.373774739706356
-20.872832505202222
-18.649793937857588
-15.539659865235134
-15.540606588002692
-24.329969574405936
-16.96490940974488
-20.81189412646728
-26.041171307600663
-24.83360489596798
-15.755940126082118
-18.05358670950276
-16.614566946154014
-20.90465644159604
-17.363879254049774
-16.001104499780453
-20.563518681059268
-16.362685974983968
-22.727798164617287
-21.871460371515667
-9.91743610927861
-19.499523391479443
-24.733974027827845
-21.357560325566887
-17.832145399815168
-16.36520305250943
-23.042815540875228
-26.374687128143286
-21.66425588942359
-19.055934038055685
-23.789955487507555
-18.0800307915511
-22.69331432973879
-19.745575009377543
-18.980853467219255
-21.711313064729342
-17.037888632105055
-16.202776008297896
-19.522402389936026
-14.265875561003728
-20.011939807503012
-15.51201737940166
-21.419584158769283
-21.489944626498005
-25.74773238830424
-15.795206717092249
-21.02949154307088
-21.729260025248426
-20.435961020492396
-21.24833040831289
-18.9853983511857
-21.080457825110546
-20.4424113905875
-18.529475472610205
-23.483043340365548
-18.379657313016402
-18.444738884478785
