-21.85247028907917
-9.569799454382874
-15.659901382385925
-19.019939385757212
-7.290606010436688
-11.572554859961084
-10.782004118832765
-7.2544385442054455
-12.806415729092986
-16.392324319195477
-20.534639959909327
-19.60466784413879
-13.619188686517939
-16.797391575958123
-17.915435210697954
-14.729631182574735
-14.319410791544945
-15.768505117231792
-17.89011822357682
-15.05143698005788
-13.46205196616605
-13.313080148475967
-16.19423249104953
-6.162121598657253
-10.936602988411344
-15.16890030475761
-9.439809704707763
-11.429890753183251
-13.99632590497606
-19.030589503242343
-15.084229331863213
-18.989363568881604
-19.76287660037101
-14.20318764208109
-12.936736125657191
-14.135811706442022
-11.085534004233711
-16.5603609383874
-15.41963933590028
-17.536953686730914
-12.950834612474026
-14.113428335226294
-16.481122599907724
-15.713356318424959
-15.752379812555954
-15.032072201195675
-17.482382015913934
-15.011009742533199
-14.997640162283108
-20.232389290695842
-21.41382492670035
-15.595095171903258
-19.893962915913548
-11.605285241553332
-11.01613458851791
-13.260549368296708
-16.565746737518804
-19.860076598952517
-17.77681600417273
-14.377020509485366
-15.038803718310604
-18.273405778672934
-17.597190909047423
-19.598886735055682
-18.347999308375307
-17.707622968835373
-18.7988034037994
-20.3428798821001
-18.009050369942333
-17.5702137397825
-21.848458233287136
-15.890108088170843
-17.75684239175908
-16.6276893139183
-8.395981800195978
-16.417544557303735
-16.773649199826433
-15.48859321889831
-14.822146601549141
-14.007931066144
-19.865352126886858
-2.349099466646917
-4.434267501604875
-16.534035963205724
-7.329013099356699
-8.971179477919001
-9.252762198424579
-8.064225637320886
-4.448289151848279
-6.527750553604513
-7.982238164575545
-13.2772487497168
-6.738740167782981
-11.412655938249378
-6.772951001215739
-10.413683282472732
-7.316612594406578
-15.60063458522755
-17.760849871258305
-15.008197110911993
