-15.080989052129466
-10.96977003519989
-15.244259300674647
-19.507293572444368
-15.767434419029046
-16.090518333234456
-17.3034940607829
-8.494857576966467
-17.621670971842285
-9.91174316165178
-10.406940295840943
-4.781722470229899
-5.005904544018342
-10.106436479698864
-13.513496003084025
-7.680430024725675
-5.871326367430889
-17.292694389673606
-17.67104278263346
-10.382187587764008
-15.837795937555551
-11.111235619907992
-9.67445237532844
-10.731872144917697
-19.57915481139879
-23.190288371587183
-14.063523350940429
-14.535318220162807
-16.55667780920852
-17.946267014875147
-13.81058124800028
-15.826516036812786
-8.85121964949355
-16.47383754667586
-15.876455388216854
-16.651283567928285
-16.151521392164767
-18.580779774230233
-15.843109351681363
-18.357499395879014
-18.959798069379403
-15.352505328350196
-11.653571556890915
-13.232342745644234
-12.24555560196793
-17.498364841743587
-11.633526658103923
-15.904888740665143
-19.82241910271869
-16.541888639221295
-15.68185331112068
-10.574098763469584
-6.933770751258366
-19.355938391334178
-4.828180629985497
-10.885507695371674
-3.69599224552611
-7.8075134232522085
-8.485664192529454
-9.537061093199783
-5.006792468909794
-12.571083358226181
-8.737763381035514
-3.2462703199026546
-1.936597222954892
-11.245755121516536
-5.373628556035152
-13.441433651795226
-13.898063161937207
-11.252168244831946
-8.759622327291892
-11.184039308103637
-3.004543642692801
-13.848691947481171
-13.28023404214003
-4.887404003726786
-9.941648115887793
-7.95563852147759
-9.464920963127055
-8.469660474717074
-20.05608238464922
-4.464195914025873
-2.96100882751492
-8.63694888599814
-4.077707309870037
-5.133594697734986
-4.688567803985505
-13.443615850722122
-24.252456459935253
-11.685903021693619
-8.332656017080966
-5.9243502847089635
-5.377210947213734
-9.219998311822096
-7.791446357458578
-7.1950830972245345
-13.155122929416756
-14.734056959487802
-9.928102547055035
-18.236342416023906
