-5.551119620108856
-17.79412685943821
-16.676156133769517
-13.92884891522016
-16.98527160162095
-11.76181992253913
-14.836981930294579
-12.958328373515318
-16.253931224527317
-15.295843319576113
-12.678745320213554
-13.974545578309773
-14.271007562509713
-23.202655041412136
-14.557280858208832
-18.67379401397858
-11.264749557897659
-24.062961376179352
-19.04008428258402
-11.647558097488398
-18.107392753800628
-22.391109093771142
-20.218715663962616
-9.566272790275104
-6.402010521386762
-5.461491977650743
-9.261934050709478
-7.736371797014646
-17.836242572964487
-17.580524430649977
-20.50872555379232
-18.331214490596665
-20.281561511084703
-16.30818161497347
-22.639732293242616
-21.974082882217125
-18.228444773717374
-19.841218631307154
-19.52947352507902
-21.58259701507914
-10.934819361813641
-13.639944350003463
-17.163036055024392
-17.084973404591633
-15.94365288527647
-13.7048800133982
-10.541565516145628
-15.386181636404052
-14.709291804147695
-14.545339832616326
-19.393763726317196
-20.779682145188698
-16.391209389821626
-16.40423548225884
-14.699843895571886
-18.080659899170584
-19.409892375765658
-12.860319678862217
-17.868084881464046
-18.137696659461326
-17.519048518673063
-26.7580121376852
-18.34862752890217
-11.107247561053116
-19.148209684880868
-13.588660219934455
-11.456400145209804
-19.40110198125406
-12.590705493709333
-6.714114454327757
-12.462112765799484
-8.361052501783451
-9.353521700163162
-13.115268306795327
-8.723126783232136
-8.242974310771817
-19.824258235865074
-6.785687562076511
-18.237924892858075
-11.928981033189654
-11.438971293668764
-12.660505196509428
-10.058539229121557
-6.598955843034664
-11.364644805857509
-4.019414319261397
-9.249850480846073
-7.018641663783856
-10.820779584944015
-8.283986972302337
-8.109776745493367
-4.156431176737021
-7.064826430867248
-13.096077901771224
-10.58123693760612
-9.358072489282005
-4.956929113951361
-8.16002859291085
-8.357085565332245
-14.132422136682665
