-24.366123004023045
-11.356343586221575
-5.331629599284245
-12.138773957389109
-15.015184094466894
-19.67917567134185
-14.608542926509651
-10.34408650799124
-13.782108247849523
-9.41494637325783
-14.92752540747371
-16.948727427181183
-9.866994902230097
-18.58948443631214
-17.88111902592397
-16.18329996385044
-15.413497484905955
-16.537145885520193
-13.538625671298519
-15.580301657446848
-21.666954210165574
-14.990819742378193
-16.874273556710186
-16.555006430083033
-15.554406584936245
-15.357248130363446
-13.076051878636774
-14.30814098410973
-16.40348649828454
-15.265022390135911
-21.038718300166487
-7.535651747277545
-9.951577080785695
-11.977891250032494
-13.663594599822598
-17.353803319623765
-15.964004238038916
-19.505405334393476
-17.360721905861674
-14.093902525643552
-18.484667469082712
-17.380197569764377
-13.471504894069772
-14.081325135275405
-13.711635452922158
-13.590262735757591
-12.237139814535324
-14.967346289951857
-11.49938671342071
-13.251588083043842
-18.039268792263393
-17.17656474825408
-13.948541233892604
-18.454282177696445
-17.32155366408315
-12.264465605511168
-15.030463296035691
-14.236671369259811
-17.690789934705816
-16.138413183021
-11.64136018658203
-16.69082037981832
-19.067697714555944
-16.313881493458542
-13.654481908822623
-23.163385288166005
-23.325043061283193
-19.305054704857334
-21.179641420205563
-18.554704120037805
-16.032290466791856
-18.80118083878512
-11.14010367037993
-9.227742463800734
-9.799872704054817
-12.100950316401619
-8.811267174391357
-5.814641880721436
-5.424346984609356
-7.919532951318927
-8.096567130357283
-8.32281636327448
-17.90010116758198
-4.986225176108407
-9.218993508634052
-5.6188412983195635
-9.392005049861508
-11.17428903366702
-11.180039519659717
-12.395740584265804
-11.884059992039356
-12.465212114471889
-8.26045828776937
-13.355232533641502
-4.466589745103172
-11.61767113996317
-6.5258362133488275
-12.320218007531436
-13.512363872428917
-6.134180501332363
